0 0
1 0
2 1
3 0
4 0
5 1
6 1
7 0
8 0
9 0
10 1
11 1
12 0
13 1
14 1
15 0
16 0
17 0
18 1
19 0
20 0
21 1
22 1
23 1
24 0
25 0
26 1
27 1
28 0
29 1
30 1
31 0
32 0
33 0
34 1
35 0
36 0
37 1
38 1
39 0
40 0
41 0
42 1
43 1
44 0
45 1
46 1
47 1
48 0
49 0
50 1
51 0
52 0
53 1
54 1
55 1
56 0
57 0
58 1
59 1
60 0
61 1
62 1
63 0
64 0
65 0
66 1
67 0
68 0
69 1
70 1
71 0
72 0
73 0
74 1
75 1
76 0
77 1
78 1
79 0
80 0
81 0
82 1
83 0
84 0
85 1
86 1
87 1
88 0
89 0
90 1
91 1
92 0
93 1
94 1
95 1
96 0
97 0
98 1
99 0
100 0
101 1
102 1
103 0
104 0
105 0
106 1
107 1
108 0
109 1
110 1
111 1
112 0
113 0
114 1
115 0
116 0
117 1
118 1
119 1
120 0
121 0
122 1
123 1
124 0
125 1
126 1
127 0
128 0
129 0
130 1
131 0
132 0
133 1
134 1
135 0
136 0
137 0
138 1
139 1
140 0
141 1
142 1
143 0
144 0
145 0
146 1
147 0
148 0
149 1
150 1
151 1
152 0
153 0
154 1
155 1
156 0
157 1
158 1
159 0
160 0
161 0
162 1
163 0
164 0
165 1
166 1
167 0
168 0
169 0
170 1
171 1
172 0
173 1
174 1
175 1
176 0
177 0
178 1
179 0
180 0
181 1
182 1
183 1
184 0
185 0
186 1
187 1
188 0
189 1
190 1
191 1
192 0
193 0
194 1
195 0
196 0
197 1
198 1
199 0
200 0
201 0
202 1
203 1
204 0
205 1
206 1
207 0
208 0
209 0
210 1
211 0
212 0
213 1
214 1
215 1
216 0
217 0
218 1
219 1
220 0
221 1
222 1
223 1
224 0
225 0
226 1
227 0
228 0
229 1
230 1
231 0
232 0
233 0
234 1
235 1
236 0
237 1
238 1
239 1
240 0
241 0
242 1
243 0
244 0
245 1
246 1
247 1
248 0
249 0
250 1
251 1
252 0
253 1
254 1
255 0
256 0
257 0
258 1
259 0
260 0
261 1
262 1
263 0
264 0
265 0
266 1
267 1
268 0
269 1
270 1
271 0
272 0
273 0
274 1
275 0
276 0
277 1
278 1
279 1
280 0
281 0
282 1
283 1
284 0
285 1
286 1
287 0
288 0
289 0
290 1
291 0
292 0
293 1
294 1
295 0
296 0
297 0
298 1
299 1
300 0
301 1
302 1
303 1
304 0
305 0
306 1
307 0
308 0
309 1
310 1
311 1
312 0
313 0
314 1
315 1
316 0
317 1
318 1
319 0
320 0
321 0
322 1
323 0
324 0
325 1
326 1
327 0
328 0
329 0
330 1
331 1
332 0
333 1
334 1
335 0
336 0
337 0
338 1
339 0
340 0
341 1
342 1
343 1
344 0
345 0
346 1
347 1
348 0
349 1
350 1
351 1
352 0
353 0
354 1
355 0
356 0
357 1
358 1
359 0
360 0
361 0
362 1
363 1
364 0
365 1
366 1
367 1
368 0
369 0
370 1
371 0
372 0
373 1
374 1
375 1
376 0
377 0
378 1
379 1
380 0
381 1
382 1
383 1
384 0
385 0
386 1
387 0
388 0
389 1
390 1
391 0
392 0
393 0
394 1
395 1
396 0
397 1
398 1
399 0
400 0
401 0
402 1
403 0
404 0
405 1
406 1
407 1
408 0
409 0
410 1
411 1
412 0
413 1
414 1
415 0
416 0
417 0
418 1
419 0
420 0
421 1
422 1
423 0
424 0
425 0
426 1
427 1
428 0
429 1
430 1
431 1
432 0
433 0
434 1
435 0
436 0
437 1
438 1
439 1
440 0
441 0
442 1
443 1
444 0
445 1
446 1
447 1
448 0
449 0
450 1
451 0
452 0
453 1
454 1
455 0
456 0
457 0
458 1
459 1
460 0
461 1
462 1
463 0
464 0
465 0
466 1
467 0
468 0
469 1
470 1
471 1
472 0
473 0
474 1
475 1
476 0
477 1
478 1
479 1
480 0
481 0
482 1
483 0
484 0
485 1
486 1
487 0
488 0
489 0
490 1
491 1
492 0
493 1
494 1
495 1
496 0
497 0
498 1
499 0
500 0
501 1
502 1
503 1
504 0
505 0
506 1
507 1
508 0
509 1
510 1
511 0
512 0
513 0
514 1
515 0
516 0
517 1
518 1
519 0
520 0
521 0
522 1
523 1
524 0
525 1
526 1
527 0
528 0
529 0
530 1
531 0
532 0
533 1
534 1
535 1
536 0
537 0
538 1
539 1
540 0
541 1
542 1
543 0
544 0
545 0
546 1
547 0
548 0
549 1
550 1
551 0
552 0
553 0
554 1
555 1
556 0
557 1
558 1
559 1
560 0
561 0
562 1
563 0
564 0
565 1
566 1
567 1
568 0
569 0
570 1
571 1
572 0
573 1
574 1
575 0
576 0
577 0
578 1
579 0
580 0
581 1
582 1
583 0
584 0
585 0
586 1
587 1
588 0
589 1
590 1
591 0
592 0
593 0
594 1
595 0
596 0
597 1
598 1
599 1
600 0
601 0
602 1
603 1
604 0
605 1
606 1
607 1
608 0
609 0
610 1
611 0
612 0
613 1
614 1
615 0
616 0
617 0
618 1
619 1
620 0
621 1
622 1
623 1
624 0
625 0
626 1
627 0
628 0
629 1
630 1
631 1
632 0
633 0
634 1
635 1
636 0
637 1
638 1
639 0
640 0
641 0
642 1
643 0
644 0
645 1
646 1
647 0
648 0
649 0
650 1
651 1
652 0
653 1
654 1
655 0
656 0
657 0
658 1
659 0
660 0
661 1
662 1
663 1
664 0
665 0
666 1
667 1
668 0
669 1
670 1
671 0
672 0
673 0
674 1
675 0
676 0
677 1
678 1
679 0
680 0
681 0
682 1
683 1
684 0
685 1
686 1
687 1
688 0
689 0
690 1
691 0
692 0
693 1
694 1
695 1
696 0
697 0
698 1
699 1
700 0
701 1
702 1
703 1
704 0
705 0
706 1
707 0
708 0
709 1
710 1
711 0
712 0
713 0
714 1
715 1
716 0
717 1
718 1
719 0
720 0
721 0
722 1
723 0
724 0
725 1
726 1
727 1
728 0
729 0
730 1
731 1
732 0
733 1
734 1
735 1
736 0
737 0
738 1
739 0
740 0
741 1
742 1
743 0
744 0
745 0
746 1
747 1
748 0
749 1
750 1
751 1
752 0
753 0
754 1
755 0
756 0
757 1
758 1
759 1
760 0
761 0
762 1
763 1
764 0
765 1
766 1
767 1
768 0
769 0
770 1
771 0
772 0
773 1
774 1
775 0
776 0
777 0
778 1
779 1
780 0
781 1
782 1
783 0
784 0
785 0
786 1
787 0
788 0
789 1
790 1
791 1
792 0
793 0
794 1
795 1
796 0
797 1
798 1
799 0
800 0
801 0
802 1
803 0
804 0
805 1
806 1
807 0
808 0
809 0
810 1
811 1
812 0
813 1
814 1
815 1
816 0
817 0
818 1
819 0
820 0
821 1
822 1
823 1
824 0
825 0
826 1
827 1
828 0
829 1
830 1
831 0
832 0
833 0
834 1
835 0
836 0
837 1
838 1
839 0
840 0
841 0
842 1
843 1
844 0
845 1
846 1
847 0
848 0
849 0
850 1
851 0
852 0
853 1
854 1
855 1
856 0
857 0
858 1
859 1
860 0
861 1
862 1
863 1
864 0
865 0
866 1
867 0
868 0
869 1
870 1
871 0
872 0
873 0
874 1
875 1
876 0
877 1
878 1
879 1
880 0
881 0
882 1
883 0
884 0
885 1
886 1
887 1
888 0
889 0
890 1
891 1
892 0
893 1
894 1
895 1
896 0
897 0
898 1
899 0
900 0
901 1
902 1
903 0
904 0
905 0
906 1
907 1
908 0
909 1
910 1
911 0
912 0
913 0
914 1
915 0
916 0
917 1
918 1
919 1
920 0
921 0
922 1
923 1
924 0
925 1
926 1
927 0
928 0
929 0
930 1
931 0
932 0
933 1
934 1
935 0
936 0
937 0
938 1
939 1
940 0
941 1
942 1
943 1
944 0
945 0
946 1
947 0
948 0
949 1
950 1
951 1
952 0
953 0
954 1
955 1
956 0
957 1
958 1
959 1
960 0
961 0
962 1
963 0
964 0
965 1
966 1
967 0
968 0
969 0
970 1
971 1
972 0
973 1
974 1
975 0
976 0
977 0
978 1
979 0
980 0
981 1
982 1
983 1
984 0
985 0
986 1
987 1
988 0
989 1
990 1
991 1
992 0
993 0
994 1
995 0
996 0
997 1
998 1
999 0
1000 0
1001 0
1002 1
1003 1
1004 0
1005 1
1006 1
1007 1
1008 0
1009 0
1010 1
1011 0
1012 0
1013 1
1014 1
1015 1
1016 0
1017 0
1018 1
1019 1
1020 0
1021 1
1022 1
1023 0
1024 0
1025 0
1026 1
1027 0
1028 0
1029 1
1030 1
1031 0
1032 0
1033 0
1034 1
1035 1
1036 0
1037 1
1038 1
1039 0
1040 0
1041 0
1042 1
1043 0
1044 0
1045 1
1046 1
1047 1
1048 0
1049 0
1050 1
1051 1
1052 0
1053 1
1054 1
1055 0
1056 0
1057 0
1058 1
1059 0
1060 0
1061 1
1062 1
1063 0
1064 0
1065 0
1066 1
1067 1
1068 0
1069 1
1070 1
1071 1
1072 0
1073 0
1074 1
1075 0
1076 0
1077 1
1078 1
1079 1
1080 0
1081 0
1082 1
1083 1
1084 0
1085 1
1086 1
1087 0
1088 0
1089 0
1090 1
1091 0
1092 0
1093 1
1094 1
1095 0
1096 0
1097 0
1098 1
1099 1
1100 0
1101 1
1102 1
1103 0
1104 0
1105 0
1106 1
1107 0
1108 0
1109 1
1110 1
1111 1
1112 0
1113 0
1114 1
1115 1
1116 0
1117 1
1118 1
1119 1
1120 0
1121 0
1122 1
1123 0
1124 0
1125 1
1126 1
1127 0
1128 0
1129 0
1130 1
1131 1
1132 0
1133 1
1134 1
1135 1
1136 0
1137 0
1138 1
1139 0
1140 0
1141 1
1142 1
1143 1
1144 0
1145 0
1146 1
1147 1
1148 0
1149 1
1150 1
1151 0
1152 0
1153 0
1154 1
1155 0
1156 0
1157 1
1158 1
1159 0
1160 0
1161 0
1162 1
1163 1
1164 0
1165 1
1166 1
1167 0
1168 0
1169 0
1170 1
1171 0
1172 0
1173 1
1174 1
1175 1
1176 0
1177 0
1178 1
1179 1
1180 0
1181 1
1182 1
1183 0
1184 0
1185 0
1186 1
1187 0
1188 0
1189 1
1190 1
1191 0
1192 0
1193 0
1194 1
1195 1
1196 0
1197 1
1198 1
1199 1
1200 0
1201 0
1202 1
1203 0
1204 0
1205 1
1206 1
1207 1
1208 0
1209 0
1210 1
1211 1
1212 0
1213 1
1214 1
1215 1
1216 0
1217 0
1218 1
1219 0
1220 0
1221 1
1222 1
1223 0
1224 0
1225 0
1226 1
1227 1
1228 0
1229 1
1230 1
1231 0
1232 0
1233 0
1234 1
1235 0
1236 0
1237 1
1238 1
1239 1
1240 0
1241 0
1242 1
1243 1
1244 0
1245 1
1246 1
1247 1
1248 0
1249 0
1250 1
1251 0
1252 0
1253 1
1254 1
1255 0
1256 0
1257 0
1258 1
1259 1
1260 0
1261 1
1262 1
1263 1
1264 0
1265 0
1266 1
1267 0
1268 0
1269 1
1270 1
1271 1
1272 0
1273 0
1274 1
1275 1
1276 0
1277 1
1278 1
1279 0
1280 0
1281 0
1282 1
1283 0
1284 0
1285 1
1286 1
1287 0
1288 0
1289 0
1290 1
1291 1
1292 0
1293 1
1294 1
1295 0
1296 0
1297 0
1298 1
1299 0
1300 0
1301 1
1302 1
1303 1
1304 0
1305 0
1306 1
1307 1
1308 0
1309 1
1310 1
1311 0
1312 0
1313 0
1314 1
1315 0
1316 0
1317 1
1318 1
1319 0
1320 0
1321 0
1322 1
1323 1
1324 0
1325 1
1326 1
1327 1
1328 0
1329 0
1330 1
1331 0
1332 0
1333 1
1334 1
1335 1
1336 0
1337 0
1338 1
1339 1
1340 0
1341 1
1342 1
1343 0
1344 0
1345 0
1346 1
1347 0
1348 0
1349 1
1350 1
1351 0
1352 0
1353 0
1354 1
1355 1
1356 0
1357 1
1358 1
1359 0
1360 0
1361 0
1362 1
1363 0
1364 0
1365 1
1366 1
1367 1
1368 0
1369 0
1370 1
1371 1
1372 0
1373 1
1374 1
1375 1
1376 0
1377 0
1378 1
1379 0
1380 0
1381 1
1382 1
1383 0
1384 0
1385 0
1386 1
1387 1
1388 0
1389 1
1390 1
1391 1
1392 0
1393 0
1394 1
1395 0
1396 0
1397 1
1398 1
1399 1
1400 0
1401 0
1402 1
1403 1
1404 0
1405 1
1406 1
1407 1
1408 0
1409 0
1410 1
1411 0
1412 0
1413 1
1414 1
1415 0
1416 0
1417 0
1418 1
1419 1
1420 0
1421 1
1422 1
1423 0
1424 0
1425 0
1426 1
1427 0
1428 0
1429 1
1430 1
1431 1
1432 0
1433 0
1434 1
1435 1
1436 0
1437 1
1438 1
1439 0
1440 0
1441 0
1442 1
1443 0
1444 0
1445 1
1446 1
1447 0
1448 0
1449 0
1450 1
1451 1
1452 0
1453 1
1454 1
1455 1
1456 0
1457 0
1458 1
1459 0
1460 0
1461 1
1462 1
1463 1
1464 0
1465 0
1466 1
1467 1
1468 0
1469 1
1470 1
1471 1
1472 0
1473 0
1474 1
1475 0
1476 0
1477 1
1478 1
1479 0
1480 0
1481 0
1482 1
1483 1
1484 0
1485 1
1486 1
1487 0
1488 0
1489 0
1490 1
1491 0
1492 0
1493 1
1494 1
1495 1
1496 0
1497 0
1498 1
1499 1
1500 0
1501 1
1502 1
1503 1
1504 0
1505 0
1506 1
1507 0
1508 0
1509 1
1510 1
1511 0
1512 0
1513 0
1514 1
1515 1
1516 0
1517 1
1518 1
1519 1
1520 0
1521 0
1522 1
1523 0
1524 0
1525 1
1526 1
1527 1
1528 0
1529 0
1530 1
1531 1
1532 0
1533 1
1534 1
1535 1
1536 0
1537 0
1538 1
1539 0
1540 0
1541 1
1542 1
1543 0
1544 0
1545 0
1546 1
1547 1
1548 0
1549 1
1550 1
1551 0
1552 0
1553 0
1554 1
1555 0
1556 0
1557 1
1558 1
1559 1
1560 0
1561 0
1562 1
1563 1
1564 0
1565 1
1566 1
1567 0
1568 0
1569 0
1570 1
1571 0
1572 0
1573 1
1574 1
1575 0
1576 0
1577 0
1578 1
1579 1
1580 0
1581 1
1582 1
1583 1
1584 0
1585 0
1586 1
1587 0
1588 0
1589 1
1590 1
1591 1
1592 0
1593 0
1594 1
1595 1
1596 0
1597 1
1598 1
1599 0
1600 0
1601 0
1602 1
1603 0
1604 0
1605 1
1606 1
1607 0
1608 0
1609 0
1610 1
1611 1
1612 0
1613 1
1614 1
1615 0
1616 0
1617 0
1618 1
1619 0
1620 0
1621 1
1622 1
1623 1
1624 0
1625 0
1626 1
1627 1
1628 0
1629 1
1630 1
1631 1
1632 0
1633 0
1634 1
1635 0
1636 0
1637 1
1638 1
1639 0
1640 0
1641 0
1642 1
1643 1
1644 0
1645 1
1646 1
1647 1
1648 0
1649 0
1650 1
1651 0
1652 0
1653 1
1654 1
1655 1
1656 0
1657 0
1658 1
1659 1
1660 0
1661 1
1662 1
1663 0
1664 0
1665 0
1666 1
1667 0
1668 0
1669 1
1670 1
1671 0
1672 0
1673 0
1674 1
1675 1
1676 0
1677 1
1678 1
1679 0
1680 0
1681 0
1682 1
1683 0
1684 0
1685 1
1686 1
1687 1
1688 0
1689 0
1690 1
1691 1
1692 0
1693 1
1694 1
1695 0
1696 0
1697 0
1698 1
1699 0
1700 0
1701 1
1702 1
1703 0
1704 0
1705 0
1706 1
1707 1
1708 0
1709 1
1710 1
1711 1
1712 0
1713 0
1714 1
1715 0
1716 0
1717 1
1718 1
1719 1
1720 0
1721 0
1722 1
1723 1
1724 0
1725 1
1726 1
1727 1
1728 0
1729 0
1730 1
1731 0
1732 0
1733 1
1734 1
1735 0
1736 0
1737 0
1738 1
1739 1
1740 0
1741 1
1742 1
1743 0
1744 0
1745 0
1746 1
1747 0
1748 0
1749 1
1750 1
1751 1
1752 0
1753 0
1754 1
1755 1
1756 0
1757 1
1758 1
1759 1
1760 0
1761 0
1762 1
1763 0
1764 0
1765 1
1766 1
1767 0
1768 0
1769 0
1770 1
1771 1
1772 0
1773 1
1774 1
1775 1
1776 0
1777 0
1778 1
1779 0
1780 0
1781 1
1782 1
1783 1
1784 0
1785 0
1786 1
1787 1
1788 0
1789 1
1790 1
1791 1
1792 0
1793 0
1794 1
1795 0
1796 0
1797 1
1798 1
1799 0
1800 0
1801 0
1802 1
1803 1
1804 0
1805 1
1806 1
1807 0
1808 0
1809 0
1810 1
1811 0
1812 0
1813 1
1814 1
1815 1
1816 0
1817 0
1818 1
1819 1
1820 0
1821 1
1822 1
1823 0
1824 0
1825 0
1826 1
1827 0
1828 0
1829 1
1830 1
1831 0
1832 0
1833 0
1834 1
1835 1
1836 0
1837 1
1838 1
1839 1
1840 0
1841 0
1842 1
1843 0
1844 0
1845 1
1846 1
1847 1
1848 0
1849 0
1850 1
1851 1
1852 0
1853 1
1854 1
1855 0
1856 0
1857 0
1858 1
1859 0
1860 0
1861 1
1862 1
1863 0
1864 0
1865 0
1866 1
1867 1
1868 0
1869 1
1870 1
1871 0
1872 0
1873 0
1874 1
1875 0
1876 0
1877 1
1878 1
1879 1
1880 0
1881 0
1882 1
1883 1
1884 0
1885 1
1886 1
1887 1
1888 0
1889 0
1890 1
1891 0
1892 0
1893 1
1894 1
1895 0
1896 0
1897 0
1898 1
1899 1
1900 0
1901 1
1902 1
1903 1
1904 0
1905 0
1906 1
1907 0
1908 0
1909 1
1910 1
1911 1
1912 0
1913 0
1914 1
1915 1
1916 0
1917 1
1918 1
1919 1
1920 0
1921 0
1922 1
1923 0
1924 0
1925 1
1926 1
1927 0
1928 0
1929 0
1930 1
1931 1
1932 0
1933 1
1934 1
1935 0
1936 0
1937 0
1938 1
1939 0
1940 0
1941 1
1942 1
1943 1
1944 0
1945 0
1946 1
1947 1
1948 0
1949 1
1950 1
1951 0
1952 0
1953 0
1954 1
1955 0
1956 0
1957 1
1958 1
1959 0
1960 0
1961 0
1962 1
1963 1
1964 0
1965 1
1966 1
1967 1
1968 0
1969 0
1970 1
1971 0
1972 0
1973 1
1974 1
1975 1
1976 0
1977 0
1978 1
1979 1
1980 0
1981 1
1982 1
1983 1
1984 0
1985 0
1986 1
1987 0
1988 0
1989 1
1990 1
1991 0
1992 0
1993 0
1994 1
1995 1
1996 0
1997 1
1998 1
1999 0
2000 0
2001 0
2002 1
2003 0
2004 0
2005 1
2006 1
2007 1
2008 0
2009 0
2010 1
2011 1
2012 0
2013 1
2014 1
2015 1
2016 0
2017 0
2018 1
2019 0
2020 0
2021 1
2022 1
2023 0
2024 0
2025 0
2026 1
2027 1
2028 0
2029 1
2030 1
2031 1
2032 0
2033 0
2034 1
2035 0
2036 0
2037 1
2038 1
2039 1
2040 0
2041 0
2042 1
2043 1
2044 0
2045 1
2046 1
2047 0
2048 0
2049 0
2050 1
2051 0
2052 0
2053 1
2054 1
2055 0
2056 0
2057 0
2058 1
2059 1
2060 0
2061 1
2062 1
2063 0
2064 0
2065 0
2066 1
2067 0
2068 0
2069 1
2070 1
2071 1
2072 0
2073 0
2074 1
2075 1
2076 0
2077 1
2078 1
2079 0
2080 0
2081 0
2082 1
2083 0
2084 0
2085 1
2086 1
2087 0
2088 0
2089 0
2090 1
2091 1
2092 0
2093 1
2094 1
2095 1
2096 0
2097 0
2098 1
2099 0
2100 0
2101 1
2102 1
2103 1
2104 0
2105 0
2106 1
2107 1
2108 0
2109 1
2110 1
2111 0
2112 0
2113 0
2114 1
2115 0
2116 0
2117 1
2118 1
2119 0
2120 0
2121 0
2122 1
2123 1
2124 0
2125 1
2126 1
2127 0
2128 0
2129 0
2130 1
2131 0
2132 0
2133 1
2134 1
2135 1
2136 0
2137 0
2138 1
2139 1
2140 0
2141 1
2142 1
2143 1
2144 0
2145 0
2146 1
2147 0
2148 0
2149 1
2150 1
2151 0
2152 0
2153 0
2154 1
2155 1
2156 0
2157 1
2158 1
2159 1
2160 0
2161 0
2162 1
2163 0
2164 0
2165 1
2166 1
2167 1
2168 0
2169 0
2170 1
2171 1
2172 0
2173 1
2174 1
2175 0
2176 0
2177 0
2178 1
2179 0
2180 0
2181 1
2182 1
2183 0
2184 0
2185 0
2186 1
2187 1
2188 0
2189 1
2190 1
2191 0
2192 0
2193 0
2194 1
2195 0
2196 0
2197 1
2198 1
2199 1
2200 0
2201 0
2202 1
2203 1
2204 0
2205 1
2206 1
2207 0
2208 0
2209 0
2210 1
2211 0
2212 0
2213 1
2214 1
2215 0
2216 0
2217 0
2218 1
2219 1
2220 0
2221 1
2222 1
2223 1
2224 0
2225 0
2226 1
2227 0
2228 0
2229 1
2230 1
2231 1
2232 0
2233 0
2234 1
2235 1
2236 0
2237 1
2238 1
2239 1
2240 0
2241 0
2242 1
2243 0
2244 0
2245 1
2246 1
2247 0
2248 0
2249 0
2250 1
2251 1
2252 0
2253 1
2254 1
2255 0
2256 0
2257 0
2258 1
2259 0
2260 0
2261 1
2262 1
2263 1
2264 0
2265 0
2266 1
2267 1
2268 0
2269 1
2270 1
2271 1
2272 0
2273 0
2274 1
2275 0
2276 0
2277 1
2278 1
2279 0
2280 0
2281 0
2282 1
2283 1
2284 0
2285 1
2286 1
2287 1
2288 0
2289 0
2290 1
2291 0
2292 0
2293 1
2294 1
2295 1
2296 0
2297 0
2298 1
2299 1
2300 0
2301 1
2302 1
2303 0
2304 0
2305 0
2306 1
2307 0
2308 0
2309 1
2310 1
2311 0
2312 0
2313 0
2314 1
2315 1
2316 0
2317 1
2318 1
2319 0
2320 0
2321 0
2322 1
2323 0
2324 0
2325 1
2326 1
2327 1
2328 0
2329 0
2330 1
2331 1
2332 0
2333 1
2334 1
2335 0
2336 0
2337 0
2338 1
2339 0
2340 0
2341 1
2342 1
2343 0
2344 0
2345 0
2346 1
2347 1
2348 0
2349 1
2350 1
2351 1
2352 0
2353 0
2354 1
2355 0
2356 0
2357 1
2358 1
2359 1
2360 0
2361 0
2362 1
2363 1
2364 0
2365 1
2366 1
2367 0
2368 0
2369 0
2370 1
2371 0
2372 0
2373 1
2374 1
2375 0
2376 0
2377 0
2378 1
2379 1
2380 0
2381 1
2382 1
2383 0
2384 0
2385 0
2386 1
2387 0
2388 0
2389 1
2390 1
2391 1
2392 0
2393 0
2394 1
2395 1
2396 0
2397 1
2398 1
2399 1
2400 0
2401 0
2402 1
2403 0
2404 0
2405 1
2406 1
2407 0
2408 0
2409 0
2410 1
2411 1
2412 0
2413 1
2414 1
2415 1
2416 0
2417 0
2418 1
2419 0
2420 0
2421 1
2422 1
2423 1
2424 0
2425 0
2426 1
2427 1
2428 0
2429 1
2430 1
2431 1
2432 0
2433 0
2434 1
2435 0
2436 0
2437 1
2438 1
2439 0
2440 0
2441 0
2442 1
2443 1
2444 0
2445 1
2446 1
2447 0
2448 0
2449 0
2450 1
2451 0
2452 0
2453 1
2454 1
2455 1
2456 0
2457 0
2458 1
2459 1
2460 0
2461 1
2462 1
2463 0
2464 0
2465 0
2466 1
2467 0
2468 0
2469 1
2470 1
2471 0
2472 0
2473 0
2474 1
2475 1
2476 0
2477 1
2478 1
2479 1
2480 0
2481 0
2482 1
2483 0
2484 0
2485 1
2486 1
2487 1
2488 0
2489 0
2490 1
2491 1
2492 0
2493 1
2494 1
2495 1
2496 0
2497 0
2498 1
2499 0
2500 0
2501 1
2502 1
2503 0
2504 0
2505 0
2506 1
2507 1
2508 0
2509 1
2510 1
2511 0
2512 0
2513 0
2514 1
2515 0
2516 0
2517 1
2518 1
2519 1
2520 0
2521 0
2522 1
2523 1
2524 0
2525 1
2526 1
2527 1
2528 0
2529 0
2530 1
2531 0
2532 0
2533 1
2534 1
2535 0
2536 0
2537 0
2538 1
2539 1
2540 0
2541 1
2542 1
2543 1
2544 0
2545 0
2546 1
2547 0
2548 0
2549 1
2550 1
2551 1
2552 0
2553 0
2554 1
2555 1
2556 0
2557 1
2558 1
2559 0
2560 0
2561 0
2562 1
2563 0
2564 0
2565 1
2566 1
2567 0
2568 0
2569 0
2570 1
2571 1
2572 0
2573 1
2574 1
2575 0
2576 0
2577 0
2578 1
2579 0
2580 0
2581 1
2582 1
2583 1
2584 0
2585 0
2586 1
2587 1
2588 0
2589 1
2590 1
2591 0
2592 0
2593 0
2594 1
2595 0
2596 0
2597 1
2598 1
2599 0
2600 0
2601 0
2602 1
2603 1
2604 0
2605 1
2606 1
2607 1
2608 0
2609 0
2610 1
2611 0
2612 0
2613 1
2614 1
2615 1
2616 0
2617 0
2618 1
2619 1
2620 0
2621 1
2622 1
2623 0
2624 0
2625 0
2626 1
2627 0
2628 0
2629 1
2630 1
2631 0
2632 0
2633 0
2634 1
2635 1
2636 0
2637 1
2638 1
2639 0
2640 0
2641 0
2642 1
2643 0
2644 0
2645 1
2646 1
2647 1
2648 0
2649 0
2650 1
2651 1
2652 0
2653 1
2654 1
2655 1
2656 0
2657 0
2658 1
2659 0
2660 0
2661 1
2662 1
2663 0
2664 0
2665 0
2666 1
2667 1
2668 0
2669 1
2670 1
2671 1
2672 0
2673 0
2674 1
2675 0
2676 0
2677 1
2678 1
2679 1
2680 0
2681 0
2682 1
2683 1
2684 0
2685 1
2686 1
2687 0
2688 0
2689 0
2690 1
2691 0
2692 0
2693 1
2694 1
2695 0
2696 0
2697 0
2698 1
2699 1
2700 0
2701 1
2702 1
2703 0
2704 0
2705 0
2706 1
2707 0
2708 0
2709 1
2710 1
2711 1
2712 0
2713 0
2714 1
2715 1
2716 0
2717 1
2718 1
2719 0
2720 0
2721 0
2722 1
2723 0
2724 0
2725 1
2726 1
2727 0
2728 0
2729 0
2730 1
2731 1
2732 0
2733 1
2734 1
2735 1
2736 0
2737 0
2738 1
2739 0
2740 0
2741 1
2742 1
2743 1
2744 0
2745 0
2746 1
2747 1
2748 0
2749 1
2750 1
2751 1
2752 0
2753 0
2754 1
2755 0
2756 0
2757 1
2758 1
2759 0
2760 0
2761 0
2762 1
2763 1
2764 0
2765 1
2766 1
2767 0
2768 0
2769 0
2770 1
2771 0
2772 0
2773 1
2774 1
2775 1
2776 0
2777 0
2778 1
2779 1
2780 0
2781 1
2782 1
2783 1
2784 0
2785 0
2786 1
2787 0
2788 0
2789 1
2790 1
2791 0
2792 0
2793 0
2794 1
2795 1
2796 0
2797 1
2798 1
2799 1
2800 0
2801 0
2802 1
2803 0
2804 0
2805 1
2806 1
2807 1
2808 0
2809 0
2810 1
2811 1
2812 0
2813 1
2814 1
2815 1
2816 0
2817 0
2818 1
2819 0
2820 0
2821 1
2822 1
2823 0
2824 0
2825 0
2826 1
2827 1
2828 0
2829 1
2830 1
2831 0
2832 0
2833 0
2834 1
2835 0
2836 0
2837 1
2838 1
2839 1
2840 0
2841 0
2842 1
2843 1
2844 0
2845 1
2846 1
2847 0
2848 0
2849 0
2850 1
2851 0
2852 0
2853 1
2854 1
2855 0
2856 0
2857 0
2858 1
2859 1
2860 0
2861 1
2862 1
2863 1
2864 0
2865 0
2866 1
2867 0
2868 0
2869 1
2870 1
2871 1
2872 0
2873 0
2874 1
2875 1
2876 0
2877 1
2878 1
2879 0
2880 0
2881 0
2882 1
2883 0
2884 0
2885 1
2886 1
2887 0
2888 0
2889 0
2890 1
2891 1
2892 0
2893 1
2894 1
2895 0
2896 0
2897 0
2898 1
2899 0
2900 0
2901 1
2902 1
2903 1
2904 0
2905 0
2906 1
2907 1
2908 0
2909 1
2910 1
2911 1
2912 0
2913 0
2914 1
2915 0
2916 0
2917 1
2918 1
2919 0
2920 0
2921 0
2922 1
2923 1
2924 0
2925 1
2926 1
2927 1
2928 0
2929 0
2930 1
2931 0
2932 0
2933 1
2934 1
2935 1
2936 0
2937 0
2938 1
2939 1
2940 0
2941 1
2942 1
2943 1
2944 0
2945 0
2946 1
2947 0
2948 0
2949 1
2950 1
2951 0
2952 0
2953 0
2954 1
2955 1
2956 0
2957 1
2958 1
2959 0
2960 0
2961 0
2962 1
2963 0
2964 0
2965 1
2966 1
2967 1
2968 0
2969 0
2970 1
2971 1
2972 0
2973 1
2974 1
2975 0
2976 0
2977 0
2978 1
2979 0
2980 0
2981 1
2982 1
2983 0
2984 0
2985 0
2986 1
2987 1
2988 0
2989 1
2990 1
2991 1
2992 0
2993 0
2994 1
2995 0
2996 0
2997 1
2998 1
2999 1
3000 0
3001 0
3002 1
3003 1
3004 0
3005 1
3006 1
3007 1
3008 0
3009 0
3010 1
3011 0
3012 0
3013 1
3014 1
3015 0
3016 0
3017 0
3018 1
3019 1
3020 0
3021 1
3022 1
3023 0
3024 0
3025 0
3026 1
3027 0
3028 0
3029 1
3030 1
3031 1
3032 0
3033 0
3034 1
3035 1
3036 0
3037 1
3038 1
3039 1
3040 0
3041 0
3042 1
3043 0
3044 0
3045 1
3046 1
3047 0
3048 0
3049 0
3050 1
3051 1
3052 0
3053 1
3054 1
3055 1
3056 0
3057 0
3058 1
3059 0
3060 0
3061 1
3062 1
3063 1
3064 0
3065 0
3066 1
3067 1
3068 0
3069 1
3070 1
3071 1
3072 0
3073 0
3074 1
3075 0
3076 0
3077 1
3078 1
3079 0
3080 0
3081 0
3082 1
3083 1
3084 0
3085 1
3086 1
3087 0
3088 0
3089 0
3090 1
3091 0
3092 0
3093 1
3094 1
3095 1
3096 0
3097 0
3098 1
3099 1
3100 0
3101 1
3102 1
3103 0
3104 0
3105 0
3106 1
3107 0
3108 0
3109 1
3110 1
3111 0
3112 0
3113 0
3114 1
3115 1
3116 0
3117 1
3118 1
3119 1
3120 0
3121 0
3122 1
3123 0
3124 0
3125 1
3126 1
3127 1
3128 0
3129 0
3130 1
3131 1
3132 0
3133 1
3134 1
3135 0
3136 0
3137 0
3138 1
3139 0
3140 0
3141 1
3142 1
3143 0
3144 0
3145 0
3146 1
3147 1
3148 0
3149 1
3150 1
3151 0
3152 0
3153 0
3154 1
3155 0
3156 0
3157 1
3158 1
3159 1
3160 0
3161 0
3162 1
3163 1
3164 0
3165 1
3166 1
3167 1
3168 0
3169 0
3170 1
3171 0
3172 0
3173 1
3174 1
3175 0
3176 0
3177 0
3178 1
3179 1
3180 0
3181 1
3182 1
3183 1
3184 0
3185 0
3186 1
3187 0
3188 0
3189 1
3190 1
3191 1
3192 0
3193 0
3194 1
3195 1
3196 0
3197 1
3198 1
3199 0
3200 0
3201 0
3202 1
3203 0
3204 0
3205 1
3206 1
3207 0
3208 0
3209 0
3210 1
3211 1
3212 0
3213 1
3214 1
3215 0
3216 0
3217 0
3218 1
3219 0
3220 0
3221 1
3222 1
3223 1
3224 0
3225 0
3226 1
3227 1
3228 0
3229 1
3230 1
3231 0
3232 0
3233 0
3234 1
3235 0
3236 0
3237 1
3238 1
3239 0
3240 0
3241 0
3242 1
3243 1
3244 0
3245 1
3246 1
3247 1
3248 0
3249 0
3250 1
3251 0
3252 0
3253 1
3254 1
3255 1
3256 0
3257 0
3258 1
3259 1
3260 0
3261 1
3262 1
3263 1
3264 0
3265 0
3266 1
3267 0
3268 0
3269 1
3270 1
3271 0
3272 0
3273 0
3274 1
3275 1
3276 0
3277 1
3278 1
3279 0
3280 0
3281 0
3282 1
3283 0
3284 0
3285 1
3286 1
3287 1
3288 0
3289 0
3290 1
3291 1
3292 0
3293 1
3294 1
3295 1
3296 0
3297 0
3298 1
3299 0
3300 0
3301 1
3302 1
3303 0
3304 0
3305 0
3306 1
3307 1
3308 0
3309 1
3310 1
3311 1
3312 0
3313 0
3314 1
3315 0
3316 0
3317 1
3318 1
3319 1
3320 0
3321 0
3322 1
3323 1
3324 0
3325 1
3326 1
3327 0
3328 0
3329 0
3330 1
3331 0
3332 0
3333 1
3334 1
3335 0
3336 0
3337 0
3338 1
3339 1
3340 0
3341 1
3342 1
3343 0
3344 0
3345 0
3346 1
3347 0
3348 0
3349 1
3350 1
3351 1
3352 0
3353 0
3354 1
3355 1
3356 0
3357 1
3358 1
3359 0
3360 0
3361 0
3362 1
3363 0
3364 0
3365 1
3366 1
3367 0
3368 0
3369 0
3370 1
3371 1
3372 0
3373 1
3374 1
3375 1
3376 0
3377 0
3378 1
3379 0
3380 0
3381 1
3382 1
3383 1
3384 0
3385 0
3386 1
3387 1
3388 0
3389 1
3390 1
3391 0
3392 0
3393 0
3394 1
3395 0
3396 0
3397 1
3398 1
3399 0
3400 0
3401 0
3402 1
3403 1
3404 0
3405 1
3406 1
3407 0
3408 0
3409 0
3410 1
3411 0
3412 0
3413 1
3414 1
3415 1
3416 0
3417 0
3418 1
3419 1
3420 0
3421 1
3422 1
3423 1
3424 0
3425 0
3426 1
3427 0
3428 0
3429 1
3430 1
3431 0
3432 0
3433 0
3434 1
3435 1
3436 0
3437 1
3438 1
3439 1
3440 0
3441 0
3442 1
3443 0
3444 0
3445 1
3446 1
3447 1
3448 0
3449 0
3450 1
3451 1
3452 0
3453 1
3454 1
3455 1
3456 0
3457 0
3458 1
3459 0
3460 0
3461 1
3462 1
3463 0
3464 0
3465 0
3466 1
3467 1
3468 0
3469 1
3470 1
3471 0
3472 0
3473 0
3474 1
3475 0
3476 0
3477 1
3478 1
3479 1
3480 0
3481 0
3482 1
3483 1
3484 0
3485 1
3486 1
3487 0
3488 0
3489 0
3490 1
3491 0
3492 0
3493 1
3494 1
3495 0
3496 0
3497 0
3498 1
3499 1
3500 0
3501 1
3502 1
3503 1
3504 0
3505 0
3506 1
3507 0
3508 0
3509 1
3510 1
3511 1
3512 0
3513 0
3514 1
3515 1
3516 0
3517 1
3518 1
3519 1
3520 0
3521 0
3522 1
3523 0
3524 0
3525 1
3526 1
3527 0
3528 0
3529 0
3530 1
3531 1
3532 0
3533 1
3534 1
3535 0
3536 0
3537 0
3538 1
3539 0
3540 0
3541 1
3542 1
3543 1
3544 0
3545 0
3546 1
3547 1
3548 0
3549 1
3550 1
3551 1
3552 0
3553 0
3554 1
3555 0
3556 0
3557 1
3558 1
3559 0
3560 0
3561 0
3562 1
3563 1
3564 0
3565 1
3566 1
3567 1
3568 0
3569 0
3570 1
3571 0
3572 0
3573 1
3574 1
3575 1
3576 0
3577 0
3578 1
3579 1
3580 0
3581 1
3582 1
3583 1
3584 0
3585 0
3586 1
3587 0
3588 0
3589 1
3590 1
3591 0
3592 0
3593 0
3594 1
3595 1
3596 0
3597 1
3598 1
3599 0
3600 0
3601 0
3602 1
3603 0
3604 0
3605 1
3606 1
3607 1
3608 0
3609 0
3610 1
3611 1
3612 0
3613 1
3614 1
3615 0
3616 0
3617 0
3618 1
3619 0
3620 0
3621 1
3622 1
3623 0
3624 0
3625 0
3626 1
3627 1
3628 0
3629 1
3630 1
3631 1
3632 0
3633 0
3634 1
3635 0
3636 0
3637 1
3638 1
3639 1
3640 0
3641 0
3642 1
3643 1
3644 0
3645 1
3646 1
3647 0
3648 0
3649 0
3650 1
3651 0
3652 0
3653 1
3654 1
3655 0
3656 0
3657 0
3658 1
3659 1
3660 0
3661 1
3662 1
3663 0
3664 0
3665 0
3666 1
3667 0
3668 0
3669 1
3670 1
3671 1
3672 0
3673 0
3674 1
3675 1
3676 0
3677 1
3678 1
3679 1
3680 0
3681 0
3682 1
3683 0
3684 0
3685 1
3686 1
3687 0
3688 0
3689 0
3690 1
3691 1
3692 0
3693 1
3694 1
3695 1
3696 0
3697 0
3698 1
3699 0
3700 0
3701 1
3702 1
3703 1
3704 0
3705 0
3706 1
3707 1
3708 0
3709 1
3710 1
3711 0
3712 0
3713 0
3714 1
3715 0
3716 0
3717 1
3718 1
3719 0
3720 0
3721 0
3722 1
3723 1
3724 0
3725 1
3726 1
3727 0
3728 0
3729 0
3730 1
3731 0
3732 0
3733 1
3734 1
3735 1
3736 0
3737 0
3738 1
3739 1
3740 0
3741 1
3742 1
3743 0
3744 0
3745 0
3746 1
3747 0
3748 0
3749 1
3750 1
3751 0
3752 0
3753 0
3754 1
3755 1
3756 0
3757 1
3758 1
3759 1
3760 0
3761 0
3762 1
3763 0
3764 0
3765 1
3766 1
3767 1
3768 0
3769 0
3770 1
3771 1
3772 0
3773 1
3774 1
3775 1
3776 0
3777 0
3778 1
3779 0
3780 0
3781 1
3782 1
3783 0
3784 0
3785 0
3786 1
3787 1
3788 0
3789 1
3790 1
3791 0
3792 0
3793 0
3794 1
3795 0
3796 0
3797 1
3798 1
3799 1
3800 0
3801 0
3802 1
3803 1
3804 0
3805 1
3806 1
3807 1
3808 0
3809 0
3810 1
3811 0
3812 0
3813 1
3814 1
3815 0
3816 0
3817 0
3818 1
3819 1
3820 0
3821 1
3822 1
3823 1
3824 0
3825 0
3826 1
3827 0
3828 0
3829 1
3830 1
3831 1
3832 0
3833 0
3834 1
3835 1
3836 0
3837 1
3838 1
3839 1
3840 0
3841 0
3842 1
3843 0
3844 0
3845 1
3846 1
3847 0
3848 0
3849 0
3850 1
3851 1
3852 0
3853 1
3854 1
3855 0
3856 0
3857 0
3858 1
3859 0
3860 0
3861 1
3862 1
3863 1
3864 0
3865 0
3866 1
3867 1
3868 0
3869 1
3870 1
3871 0
3872 0
3873 0
3874 1
3875 0
3876 0
3877 1
3878 1
3879 0
3880 0
3881 0
3882 1
3883 1
3884 0
3885 1
3886 1
3887 1
3888 0
3889 0
3890 1
3891 0
3892 0
3893 1
3894 1
3895 1
3896 0
3897 0
3898 1
3899 1
3900 0
3901 1
3902 1
3903 0
3904 0
3905 0
3906 1
3907 0
3908 0
3909 1
3910 1
3911 0
3912 0
3913 0
3914 1
3915 1
3916 0
3917 1
3918 1
3919 0
3920 0
3921 0
3922 1
3923 0
3924 0
3925 1
3926 1
3927 1
3928 0
3929 0
3930 1
3931 1
3932 0
3933 1
3934 1
3935 1
3936 0
3937 0
3938 1
3939 0
3940 0
3941 1
3942 1
3943 0
3944 0
3945 0
3946 1
3947 1
3948 0
3949 1
3950 1
3951 1
3952 0
3953 0
3954 1
3955 0
3956 0
3957 1
3958 1
3959 1
3960 0
3961 0
3962 1
3963 1
3964 0
3965 1
3966 1
3967 1
3968 0
3969 0
3970 1
3971 0
3972 0
3973 1
3974 1
3975 0
3976 0
3977 0
3978 1
3979 1
3980 0
3981 1
3982 1
3983 0
3984 0
3985 0
3986 1
3987 0
3988 0
3989 1
3990 1
3991 1
3992 0
3993 0
3994 1
3995 1
3996 0
3997 1
3998 1
3999 0
4000 0
4001 0
4002 1
4003 0
4004 0
4005 1
4006 1
4007 0
4008 0
4009 0
4010 1
4011 1
4012 0
4013 1
4014 1
4015 1
4016 0
4017 0
4018 1
4019 0
4020 0
4021 1
4022 1
4023 1
4024 0
4025 0
4026 1
4027 1
4028 0
4029 1
4030 1
4031 1
4032 0
4033 0
4034 1
4035 0
4036 0
4037 1
4038 1
4039 0
4040 0
4041 0
4042 1
4043 1
4044 0
4045 1
4046 1
4047 0
4048 0
4049 0
4050 1
4051 0
4052 0
4053 1
4054 1
4055 1
4056 0
4057 0
4058 1
4059 1
4060 0
4061 1
4062 1
4063 1
4064 0
4065 0
4066 1
4067 0
4068 0
4069 1
4070 1
4071 0
4072 0
4073 0
4074 1
4075 1
4076 0
4077 1
4078 1
4079 1
4080 0
4081 0
4082 1
4083 0
4084 0
4085 1
4086 1
4087 1
4088 0
4089 0
4090 1
4091 1
4092 0
4093 1
4094 1
4095 0
4096 0
4097 0
4098 1
4099 0
4100 0
4101 1
4102 1
4103 0
4104 0
4105 0
4106 1
4107 1
4108 0
4109 1
4110 1
4111 0
4112 0
4113 0
4114 1
4115 0
4116 0
4117 1
4118 1
4119 1
4120 0
4121 0
4122 1
4123 1
4124 0
4125 1
4126 1
4127 0
4128 0
4129 0
4130 1
4131 0
4132 0
4133 1
4134 1
4135 0
4136 0
4137 0
4138 1
4139 1
4140 0
4141 1
4142 1
4143 1
4144 0
4145 0
4146 1
4147 0
4148 0
4149 1
4150 1
4151 1
4152 0
4153 0
4154 1
4155 1
4156 0
4157 1
4158 1
4159 0
4160 0
4161 0
4162 1
4163 0
4164 0
4165 1
4166 1
4167 0
4168 0
4169 0
4170 1
4171 1
4172 0
4173 1
4174 1
4175 0
4176 0
4177 0
4178 1
4179 0
4180 0
4181 1
4182 1
4183 1
4184 0
4185 0
4186 1
4187 1
4188 0
4189 1
4190 1
4191 1
4192 0
4193 0
4194 1
4195 0
4196 0
4197 1
4198 1
4199 0
4200 0
4201 0
4202 1
4203 1
4204 0
4205 1
4206 1
4207 1
4208 0
4209 0
4210 1
4211 0
4212 0
4213 1
4214 1
4215 1
4216 0
4217 0
4218 1
4219 1
4220 0
4221 1
4222 1
4223 0
4224 0
4225 0
4226 1
4227 0
4228 0
4229 1
4230 1
4231 0
4232 0
4233 0
4234 1
4235 1
4236 0
4237 1
4238 1
4239 0
4240 0
4241 0
4242 1
4243 0
4244 0
4245 1
4246 1
4247 1
4248 0
4249 0
4250 1
4251 1
4252 0
4253 1
4254 1
4255 0
4256 0
4257 0
4258 1
4259 0
4260 0
4261 1
4262 1
4263 0
4264 0
4265 0
4266 1
4267 1
4268 0
4269 1
4270 1
4271 1
4272 0
4273 0
4274 1
4275 0
4276 0
4277 1
4278 1
4279 1
4280 0
4281 0
4282 1
4283 1
4284 0
4285 1
4286 1
4287 1
4288 0
4289 0
4290 1
4291 0
4292 0
4293 1
4294 1
4295 0
4296 0
4297 0
4298 1
4299 1
4300 0
4301 1
4302 1
4303 0
4304 0
4305 0
4306 1
4307 0
4308 0
4309 1
4310 1
4311 1
4312 0
4313 0
4314 1
4315 1
4316 0
4317 1
4318 1
4319 1
4320 0
4321 0
4322 1
4323 0
4324 0
4325 1
4326 1
4327 0
4328 0
4329 0
4330 1
4331 1
4332 0
4333 1
4334 1
4335 1
4336 0
4337 0
4338 1
4339 0
4340 0
4341 1
4342 1
4343 1
4344 0
4345 0
4346 1
4347 1
4348 0
4349 1
4350 1
4351 0
4352 0
4353 0
4354 1
4355 0
4356 0
4357 1
4358 1
4359 0
4360 0
4361 0
4362 1
4363 1
4364 0
4365 1
4366 1
4367 0
4368 0
4369 0
4370 1
4371 0
4372 0
4373 1
4374 1
4375 1
4376 0
4377 0
4378 1
4379 1
4380 0
4381 1
4382 1
4383 0
4384 0
4385 0
4386 1
4387 0
4388 0
4389 1
4390 1
4391 0
4392 0
4393 0
4394 1
4395 1
4396 0
4397 1
4398 1
4399 1
4400 0
4401 0
4402 1
4403 0
4404 0
4405 1
4406 1
4407 1
4408 0
4409 0
4410 1
4411 1
4412 0
4413 1
4414 1
4415 0
4416 0
4417 0
4418 1
4419 0
4420 0
4421 1
4422 1
4423 0
4424 0
4425 0
4426 1
4427 1
4428 0
4429 1
4430 1
4431 0
4432 0
4433 0
4434 1
4435 0
4436 0
4437 1
4438 1
4439 1
4440 0
4441 0
4442 1
4443 1
4444 0
4445 1
4446 1
4447 1
4448 0
4449 0
4450 1
4451 0
4452 0
4453 1
4454 1
4455 0
4456 0
4457 0
4458 1
4459 1
4460 0
4461 1
4462 1
4463 1
4464 0
4465 0
4466 1
4467 0
4468 0
4469 1
4470 1
4471 1
4472 0
4473 0
4474 1
4475 1
4476 0
4477 1
4478 1
4479 1
4480 0
4481 0
4482 1
4483 0
4484 0
4485 1
4486 1
4487 0
4488 0
4489 0
4490 1
4491 1
4492 0
4493 1
4494 1
4495 0
4496 0
4497 0
4498 1
4499 0
4500 0
4501 1
4502 1
4503 1
4504 0
4505 0
4506 1
4507 1
4508 0
4509 1
4510 1
4511 0
4512 0
4513 0
4514 1
4515 0
4516 0
4517 1
4518 1
4519 0
4520 0
4521 0
4522 1
4523 1
4524 0
4525 1
4526 1
4527 1
4528 0
4529 0
4530 1
4531 0
4532 0
4533 1
4534 1
4535 1
4536 0
4537 0
4538 1
4539 1
4540 0
4541 1
4542 1
4543 1
4544 0
4545 0
4546 1
4547 0
4548 0
4549 1
4550 1
4551 0
4552 0
4553 0
4554 1
4555 1
4556 0
4557 1
4558 1
4559 0
4560 0
4561 0
4562 1
4563 0
4564 0
4565 1
4566 1
4567 1
4568 0
4569 0
4570 1
4571 1
4572 0
4573 1
4574 1
4575 1
4576 0
4577 0
4578 1
4579 0
4580 0
4581 1
4582 1
4583 0
4584 0
4585 0
4586 1
4587 1
4588 0
4589 1
4590 1
4591 1
4592 0
4593 0
4594 1
4595 0
4596 0
4597 1
4598 1
4599 1
4600 0
4601 0
4602 1
4603 1
4604 0
4605 1
4606 1
4607 0
4608 0
4609 0
4610 1
4611 0
4612 0
4613 1
4614 1
4615 0
4616 0
4617 0
4618 1
4619 1
4620 0
4621 1
4622 1
4623 0
4624 0
4625 0
4626 1
4627 0
4628 0
4629 1
4630 1
4631 1
4632 0
4633 0
4634 1
4635 1
4636 0
4637 1
4638 1
4639 0
4640 0
4641 0
4642 1
4643 0
4644 0
4645 1
4646 1
4647 0
4648 0
4649 0
4650 1
4651 1
4652 0
4653 1
4654 1
4655 1
4656 0
4657 0
4658 1
4659 0
4660 0
4661 1
4662 1
4663 1
4664 0
4665 0
4666 1
4667 1
4668 0
4669 1
4670 1
4671 0
4672 0
4673 0
4674 1
4675 0
4676 0
4677 1
4678 1
4679 0
4680 0
4681 0
4682 1
4683 1
4684 0
4685 1
4686 1
4687 0
4688 0
4689 0
4690 1
4691 0
4692 0
4693 1
4694 1
4695 1
4696 0
4697 0
4698 1
4699 1
4700 0
4701 1
4702 1
4703 1
4704 0
4705 0
4706 1
4707 0
4708 0
4709 1
4710 1
4711 0
4712 0
4713 0
4714 1
4715 1
4716 0
4717 1
4718 1
4719 1
4720 0
4721 0
4722 1
4723 0
4724 0
4725 1
4726 1
4727 1
4728 0
4729 0
4730 1
4731 1
4732 0
4733 1
4734 1
4735 0
4736 0
4737 0
4738 1
4739 0
4740 0
4741 1
4742 1
4743 0
4744 0
4745 0
4746 1
4747 1
4748 0
4749 1
4750 1
4751 0
4752 0
4753 0
4754 1
4755 0
4756 0
4757 1
4758 1
4759 1
4760 0
4761 0
4762 1
4763 1
4764 0
4765 1
4766 1
4767 0
4768 0
4769 0
4770 1
4771 0
4772 0
4773 1
4774 1
4775 0
4776 0
4777 0
4778 1
4779 1
4780 0
4781 1
4782 1
4783 1
4784 0
4785 0
4786 1
4787 0
4788 0
4789 1
4790 1
4791 1
4792 0
4793 0
4794 1
4795 1
4796 0
4797 1
4798 1
4799 1
4800 0
4801 0
4802 1
4803 0
4804 0
4805 1
4806 1
4807 0
4808 0
4809 0
4810 1
4811 1
4812 0
4813 1
4814 1
4815 0
4816 0
4817 0
4818 1
4819 0
4820 0
4821 1
4822 1
4823 1
4824 0
4825 0
4826 1
4827 1
4828 0
4829 1
4830 1
4831 1
4832 0
4833 0
4834 1
4835 0
4836 0
4837 1
4838 1
4839 0
4840 0
4841 0
4842 1
4843 1
4844 0
4845 1
4846 1
4847 1
4848 0
4849 0
4850 1
4851 0
4852 0
4853 1
4854 1
4855 1
4856 0
4857 0
4858 1
4859 1
4860 0
4861 1
4862 1
4863 1
4864 0
4865 0
4866 1
4867 0
4868 0
4869 1
4870 1
4871 0
4872 0
4873 0
4874 1
4875 1
4876 0
4877 1
4878 1
4879 0
4880 0
4881 0
4882 1
4883 0
4884 0
4885 1
4886 1
4887 1
4888 0
4889 0
4890 1
4891 1
4892 0
4893 1
4894 1
4895 0
4896 0
4897 0
4898 1
4899 0
4900 0
4901 1
4902 1
4903 0
4904 0
4905 0
4906 1
4907 1
4908 0
4909 1
4910 1
4911 1
4912 0
4913 0
4914 1
4915 0
4916 0
4917 1
4918 1
4919 1
4920 0
4921 0
4922 1
4923 1
4924 0
4925 1
4926 1
4927 0
4928 0
4929 0
4930 1
4931 0
4932 0
4933 1
4934 1
4935 0
4936 0
4937 0
4938 1
4939 1
4940 0
4941 1
4942 1
4943 0
4944 0
4945 0
4946 1
4947 0
4948 0
4949 1
4950 1
4951 1
4952 0
4953 0
4954 1
4955 1
4956 0
4957 1
4958 1
4959 1
4960 0
4961 0
4962 1
4963 0
4964 0
4965 1
4966 1
4967 0
4968 0
4969 0
4970 1
4971 1
4972 0
4973 1
4974 1
4975 1
4976 0
4977 0
4978 1
4979 0
4980 0
4981 1
4982 1
4983 1
4984 0
4985 0
4986 1
4987 1
4988 0
4989 1
4990 1
4991 1
4992 0
4993 0
4994 1
4995 0
4996 0
4997 1
4998 1
4999 0
5000 0
5001 0
5002 1
5003 1
5004 0
5005 1
5006 1
5007 0
5008 0
5009 0
5010 1
5011 0
5012 0
5013 1
5014 1
5015 1
5016 0
5017 0
5018 1
5019 1
5020 0
5021 1
5022 1
5023 0
5024 0
5025 0
5026 1
5027 0
5028 0
5029 1
5030 1
5031 0
5032 0
5033 0
5034 1
5035 1
5036 0
5037 1
5038 1
5039 1
5040 0
5041 0
5042 1
5043 0
5044 0
5045 1
5046 1
5047 1
5048 0
5049 0
5050 1
5051 1
5052 0
5053 1
5054 1
5055 1
5056 0
5057 0
5058 1
5059 0
5060 0
5061 1
5062 1
5063 0
5064 0
5065 0
5066 1
5067 1
5068 0
5069 1
5070 1
5071 0
5072 0
5073 0
5074 1
5075 0
5076 0
5077 1
5078 1
5079 1
5080 0
5081 0
5082 1
5083 1
5084 0
5085 1
5086 1
5087 1
5088 0
5089 0
5090 1
5091 0
5092 0
5093 1
5094 1
5095 0
5096 0
5097 0
5098 1
5099 1
5100 0
5101 1
5102 1
5103 1
5104 0
5105 0
5106 1
5107 0
5108 0
5109 1
5110 1
5111 1
5112 0
5113 0
5114 1
5115 1
5116 0
5117 1
5118 1
5119 0
5120 0
5121 0
5122 1
5123 0
5124 0
5125 1
5126 1
5127 0
5128 0
5129 0
5130 1
5131 1
5132 0
5133 1
5134 1
5135 0
5136 0
5137 0
5138 1
5139 0
5140 0
5141 1
5142 1
5143 1
5144 0
5145 0
5146 1
5147 1
5148 0
5149 1
5150 1
5151 0
5152 0
5153 0
5154 1
5155 0
5156 0
5157 1
5158 1
5159 0
5160 0
5161 0
5162 1
5163 1
5164 0
5165 1
5166 1
5167 1
5168 0
5169 0
5170 1
5171 0
5172 0
5173 1
5174 1
5175 1
5176 0
5177 0
5178 1
5179 1
5180 0
5181 1
5182 1
5183 0
5184 0
5185 0
5186 1
5187 0
5188 0
5189 1
5190 1
5191 0
5192 0
5193 0
5194 1
5195 1
5196 0
5197 1
5198 1
5199 0
5200 0
5201 0
5202 1
5203 0
5204 0
5205 1
5206 1
5207 1
5208 0
5209 0
5210 1
5211 1
5212 0
5213 1
5214 1
5215 1
5216 0
5217 0
5218 1
5219 0
5220 0
5221 1
5222 1
5223 0
5224 0
5225 0
5226 1
5227 1
5228 0
5229 1
5230 1
5231 1
5232 0
5233 0
5234 1
5235 0
5236 0
5237 1
5238 1
5239 1
5240 0
5241 0
5242 1
5243 1
5244 0
5245 1
5246 1
5247 0
5248 0
5249 0
5250 1
5251 0
5252 0
5253 1
5254 1
5255 0
5256 0
5257 0
5258 1
5259 1
5260 0
5261 1
5262 1
5263 0
5264 0
5265 0
5266 1
5267 0
5268 0
5269 1
5270 1
5271 1
5272 0
5273 0
5274 1
5275 1
5276 0
5277 1
5278 1
5279 0
5280 0
5281 0
5282 1
5283 0
5284 0
5285 1
5286 1
5287 0
5288 0
5289 0
5290 1
5291 1
5292 0
5293 1
5294 1
5295 1
5296 0
5297 0
5298 1
5299 0
5300 0
5301 1
5302 1
5303 1
5304 0
5305 0
5306 1
5307 1
5308 0
5309 1
5310 1
5311 1
5312 0
5313 0
5314 1
5315 0
5316 0
5317 1
5318 1
5319 0
5320 0
5321 0
5322 1
5323 1
5324 0
5325 1
5326 1
5327 0
5328 0
5329 0
5330 1
5331 0
5332 0
5333 1
5334 1
5335 1
5336 0
5337 0
5338 1
5339 1
5340 0
5341 1
5342 1
5343 1
5344 0
5345 0
5346 1
5347 0
5348 0
5349 1
5350 1
5351 0
5352 0
5353 0
5354 1
5355 1
5356 0
5357 1
5358 1
5359 1
5360 0
5361 0
5362 1
5363 0
5364 0
5365 1
5366 1
5367 1
5368 0
5369 0
5370 1
5371 1
5372 0
5373 1
5374 1
5375 0
5376 0
5377 0
5378 1
5379 0
5380 0
5381 1
5382 1
5383 0
5384 0
5385 0
5386 1
5387 1
5388 0
5389 1
5390 1
5391 0
5392 0
5393 0
5394 1
5395 0
5396 0
5397 1
5398 1
5399 1
5400 0
5401 0
5402 1
5403 1
5404 0
5405 1
5406 1
5407 0
5408 0
5409 0
5410 1
5411 0
5412 0
5413 1
5414 1
5415 0
5416 0
5417 0
5418 1
5419 1
5420 0
5421 1
5422 1
5423 1
5424 0
5425 0
5426 1
5427 0
5428 0
5429 1
5430 1
5431 1
5432 0
5433 0
5434 1
5435 1
5436 0
5437 1
5438 1
5439 0
5440 0
5441 0
5442 1
5443 0
5444 0
5445 1
5446 1
5447 0
5448 0
5449 0
5450 1
5451 1
5452 0
5453 1
5454 1
5455 0
5456 0
5457 0
5458 1
5459 0
5460 0
5461 1
5462 1
5463 1
5464 0
5465 0
5466 1
5467 1
5468 0
5469 1
5470 1
5471 1
5472 0
5473 0
5474 1
5475 0
5476 0
5477 1
5478 1
5479 0
5480 0
5481 0
5482 1
5483 1
5484 0
5485 1
5486 1
5487 1
5488 0
5489 0
5490 1
5491 0
5492 0
5493 1
5494 1
5495 1
5496 0
5497 0
5498 1
5499 1
5500 0
5501 1
5502 1
5503 1
5504 0
5505 0
5506 1
5507 0
5508 0
5509 1
5510 1
5511 0
5512 0
5513 0
5514 1
5515 1
5516 0
5517 1
5518 1
5519 0
5520 0
5521 0
5522 1
5523 0
5524 0
5525 1
5526 1
5527 1
5528 0
5529 0
5530 1
5531 1
5532 0
5533 1
5534 1
5535 0
5536 0
5537 0
5538 1
5539 0
5540 0
5541 1
5542 1
5543 0
5544 0
5545 0
5546 1
5547 1
5548 0
5549 1
5550 1
5551 1
5552 0
5553 0
5554 1
5555 0
5556 0
5557 1
5558 1
5559 1
5560 0
5561 0
5562 1
5563 1
5564 0
5565 1
5566 1
5567 1
5568 0
5569 0
5570 1
5571 0
5572 0
5573 1
5574 1
5575 0
5576 0
5577 0
5578 1
5579 1
5580 0
5581 1
5582 1
5583 0
5584 0
5585 0
5586 1
5587 0
5588 0
5589 1
5590 1
5591 1
5592 0
5593 0
5594 1
5595 1
5596 0
5597 1
5598 1
5599 1
5600 0
5601 0
5602 1
5603 0
5604 0
5605 1
5606 1
5607 0
5608 0
5609 0
5610 1
5611 1
5612 0
5613 1
5614 1
5615 1
5616 0
5617 0
5618 1
5619 0
5620 0
5621 1
5622 1
5623 1
5624 0
5625 0
5626 1
5627 1
5628 0
5629 1
5630 1
5631 1
5632 0
5633 0
5634 1
5635 0
5636 0
5637 1
5638 1
5639 0
5640 0
5641 0
5642 1
5643 1
5644 0
5645 1
5646 1
5647 0
5648 0
5649 0
5650 1
5651 0
5652 0
5653 1
5654 1
5655 1
5656 0
5657 0
5658 1
5659 1
5660 0
5661 1
5662 1
5663 0
5664 0
5665 0
5666 1
5667 0
5668 0
5669 1
5670 1
5671 0
5672 0
5673 0
5674 1
5675 1
5676 0
5677 1
5678 1
5679 1
5680 0
5681 0
5682 1
5683 0
5684 0
5685 1
5686 1
5687 1
5688 0
5689 0
5690 1
5691 1
5692 0
5693 1
5694 1
5695 0
5696 0
5697 0
5698 1
5699 0
5700 0
5701 1
5702 1
5703 0
5704 0
5705 0
5706 1
5707 1
5708 0
5709 1
5710 1
5711 0
5712 0
5713 0
5714 1
5715 0
5716 0
5717 1
5718 1
5719 1
5720 0
5721 0
5722 1
5723 1
5724 0
5725 1
5726 1
5727 1
5728 0
5729 0
5730 1
5731 0
5732 0
5733 1
5734 1
5735 0
5736 0
5737 0
5738 1
5739 1
5740 0
5741 1
5742 1
5743 1
5744 0
5745 0
5746 1
5747 0
5748 0
5749 1
5750 1
5751 1
5752 0
5753 0
5754 1
5755 1
5756 0
5757 1
5758 1
5759 0
5760 0
5761 0
5762 1
5763 0
5764 0
5765 1
5766 1
5767 0
5768 0
5769 0
5770 1
5771 1
5772 0
5773 1
5774 1
5775 0
5776 0
5777 0
5778 1
5779 0
5780 0
5781 1
5782 1
5783 1
5784 0
5785 0
5786 1
5787 1
5788 0
5789 1
5790 1
5791 0
5792 0
5793 0
5794 1
5795 0
5796 0
5797 1
5798 1
5799 0
5800 0
5801 0
5802 1
5803 1
5804 0
5805 1
5806 1
5807 1
5808 0
5809 0
5810 1
5811 0
5812 0
5813 1
5814 1
5815 1
5816 0
5817 0
5818 1
5819 1
5820 0
5821 1
5822 1
5823 1
5824 0
5825 0
5826 1
5827 0
5828 0
5829 1
5830 1
5831 0
5832 0
5833 0
5834 1
5835 1
5836 0
5837 1
5838 1
5839 0
5840 0
5841 0
5842 1
5843 0
5844 0
5845 1
5846 1
5847 1
5848 0
5849 0
5850 1
5851 1
5852 0
5853 1
5854 1
5855 1
5856 0
5857 0
5858 1
5859 0
5860 0
5861 1
5862 1
5863 0
5864 0
5865 0
5866 1
5867 1
5868 0
5869 1
5870 1
5871 1
5872 0
5873 0
5874 1
5875 0
5876 0
5877 1
5878 1
5879 1
5880 0
5881 0
5882 1
5883 1
5884 0
5885 1
5886 1
5887 1
5888 0
5889 0
5890 1
5891 0
5892 0
5893 1
5894 1
5895 0
5896 0
5897 0
5898 1
5899 1
5900 0
5901 1
5902 1
5903 0
5904 0
5905 0
5906 1
5907 0
5908 0
5909 1
5910 1
5911 1
5912 0
5913 0
5914 1
5915 1
5916 0
5917 1
5918 1
5919 0
5920 0
5921 0
5922 1
5923 0
5924 0
5925 1
5926 1
5927 0
5928 0
5929 0
5930 1
5931 1
5932 0
5933 1
5934 1
5935 1
5936 0
5937 0
5938 1
5939 0
5940 0
5941 1
5942 1
5943 1
5944 0
5945 0
5946 1
5947 1
5948 0
5949 1
5950 1
5951 0
5952 0
5953 0
5954 1
5955 0
5956 0
5957 1
5958 1
5959 0
5960 0
5961 0
5962 1
5963 1
5964 0
5965 1
5966 1
5967 0
5968 0
5969 0
5970 1
5971 0
5972 0
5973 1
5974 1
5975 1
5976 0
5977 0
5978 1
5979 1
5980 0
5981 1
5982 1
5983 1
5984 0
5985 0
5986 1
5987 0
5988 0
5989 1
5990 1
5991 0
5992 0
5993 0
5994 1
5995 1
5996 0
5997 1
5998 1
5999 1
6000 0
6001 0
6002 1
6003 0
6004 0
6005 1
6006 1
6007 1
6008 0
6009 0
6010 1
6011 1
6012 0
6013 1
6014 1
6015 1
6016 0
6017 0
6018 1
6019 0
6020 0
6021 1
6022 1
6023 0
6024 0
6025 0
6026 1
6027 1
6028 0
6029 1
6030 1
6031 0
6032 0
6033 0
6034 1
6035 0
6036 0
6037 1
6038 1
6039 1
6040 0
6041 0
6042 1
6043 1
6044 0
6045 1
6046 1
6047 0
6048 0
6049 0
6050 1
6051 0
6052 0
6053 1
6054 1
6055 0
6056 0
6057 0
6058 1
6059 1
6060 0
6061 1
6062 1
6063 1
6064 0
6065 0
6066 1
6067 0
6068 0
6069 1
6070 1
6071 1
6072 0
6073 0
6074 1
6075 1
6076 0
6077 1
6078 1
6079 1
6080 0
6081 0
6082 1
6083 0
6084 0
6085 1
6086 1
6087 0
6088 0
6089 0
6090 1
6091 1
6092 0
6093 1
6094 1
6095 0
6096 0
6097 0
6098 1
6099 0
6100 0
6101 1
6102 1
6103 1
6104 0
6105 0
6106 1
6107 1
6108 0
6109 1
6110 1
6111 1
6112 0
6113 0
6114 1
6115 0
6116 0
6117 1
6118 1
6119 0
6120 0
6121 0
6122 1
6123 1
6124 0
6125 1
6126 1
6127 1
6128 0
6129 0
6130 1
6131 0
6132 0
6133 1
6134 1
6135 1
6136 0
6137 0
6138 1
6139 1
6140 0
6141 1
6142 1
6143 1
6144 0
6145 0
6146 1
6147 0
6148 0
6149 1
6150 1
6151 0
6152 0
6153 0
6154 1
6155 1
6156 0
6157 1
6158 1
6159 0
6160 0
6161 0
6162 1
6163 0
6164 0
6165 1
6166 1
6167 1
6168 0
6169 0
6170 1
6171 1
6172 0
6173 1
6174 1
6175 0
6176 0
6177 0
6178 1
6179 0
6180 0
6181 1
6182 1
6183 0
6184 0
6185 0
6186 1
6187 1
6188 0
6189 1
6190 1
6191 1
6192 0
6193 0
6194 1
6195 0
6196 0
6197 1
6198 1
6199 1
6200 0
6201 0
6202 1
6203 1
6204 0
6205 1
6206 1
6207 0
6208 0
6209 0
6210 1
6211 0
6212 0
6213 1
6214 1
6215 0
6216 0
6217 0
6218 1
6219 1
6220 0
6221 1
6222 1
6223 0
6224 0
6225 0
6226 1
6227 0
6228 0
6229 1
6230 1
6231 1
6232 0
6233 0
6234 1
6235 1
6236 0
6237 1
6238 1
6239 1
6240 0
6241 0
6242 1
6243 0
6244 0
6245 1
6246 1
6247 0
6248 0
6249 0
6250 1
6251 1
6252 0
6253 1
6254 1
6255 1
6256 0
6257 0
6258 1
6259 0
6260 0
6261 1
6262 1
6263 1
6264 0
6265 0
6266 1
6267 1
6268 0
6269 1
6270 1
6271 0
6272 0
6273 0
6274 1
6275 0
6276 0
6277 1
6278 1
6279 0
6280 0
6281 0
6282 1
6283 1
6284 0
6285 1
6286 1
6287 0
6288 0
6289 0
6290 1
6291 0
6292 0
6293 1
6294 1
6295 1
6296 0
6297 0
6298 1
6299 1
6300 0
6301 1
6302 1
6303 0
6304 0
6305 0
6306 1
6307 0
6308 0
6309 1
6310 1
6311 0
6312 0
6313 0
6314 1
6315 1
6316 0
6317 1
6318 1
6319 1
6320 0
6321 0
6322 1
6323 0
6324 0
6325 1
6326 1
6327 1
6328 0
6329 0
6330 1
6331 1
6332 0
6333 1
6334 1
6335 1
6336 0
6337 0
6338 1
6339 0
6340 0
6341 1
6342 1
6343 0
6344 0
6345 0
6346 1
6347 1
6348 0
6349 1
6350 1
6351 0
6352 0
6353 0
6354 1
6355 0
6356 0
6357 1
6358 1
6359 1
6360 0
6361 0
6362 1
6363 1
6364 0
6365 1
6366 1
6367 1
6368 0
6369 0
6370 1
6371 0
6372 0
6373 1
6374 1
6375 0
6376 0
6377 0
6378 1
6379 1
6380 0
6381 1
6382 1
6383 1
6384 0
6385 0
6386 1
6387 0
6388 0
6389 1
6390 1
6391 1
6392 0
6393 0
6394 1
6395 1
6396 0
6397 1
6398 1
6399 0
6400 0
6401 0
6402 1
6403 0
6404 0
6405 1
6406 1
6407 0
6408 0
6409 0
6410 1
6411 1
6412 0
6413 1
6414 1
6415 0
6416 0
6417 0
6418 1
6419 0
6420 0
6421 1
6422 1
6423 1
6424 0
6425 0
6426 1
6427 1
6428 0
6429 1
6430 1
6431 0
6432 0
6433 0
6434 1
6435 0
6436 0
6437 1
6438 1
6439 0
6440 0
6441 0
6442 1
6443 1
6444 0
6445 1
6446 1
6447 1
6448 0
6449 0
6450 1
6451 0
6452 0
6453 1
6454 1
6455 1
6456 0
6457 0
6458 1
6459 1
6460 0
6461 1
6462 1
6463 0
6464 0
6465 0
6466 1
6467 0
6468 0
6469 1
6470 1
6471 0
6472 0
6473 0
6474 1
6475 1
6476 0
6477 1
6478 1
6479 0
6480 0
6481 0
6482 1
6483 0
6484 0
6485 1
6486 1
6487 1
6488 0
6489 0
6490 1
6491 1
6492 0
6493 1
6494 1
6495 1
6496 0
6497 0
6498 1
6499 0
6500 0
6501 1
6502 1
6503 0
6504 0
6505 0
6506 1
6507 1
6508 0
6509 1
6510 1
6511 1
6512 0
6513 0
6514 1
6515 0
6516 0
6517 1
6518 1
6519 1
6520 0
6521 0
6522 1
6523 1
6524 0
6525 1
6526 1
6527 1
6528 0
6529 0
6530 1
6531 0
6532 0
6533 1
6534 1
6535 0
6536 0
6537 0
6538 1
6539 1
6540 0
6541 1
6542 1
6543 0
6544 0
6545 0
6546 1
6547 0
6548 0
6549 1
6550 1
6551 1
6552 0
6553 0
6554 1
6555 1
6556 0
6557 1
6558 1
6559 0
6560 0
6561 0
6562 1
6563 0
6564 0
6565 1
6566 1
6567 0
6568 0
6569 0
6570 1
6571 1
6572 0
6573 1
6574 1
6575 1
6576 0
6577 0
6578 1
6579 0
6580 0
6581 1
6582 1
6583 1
6584 0
6585 0
6586 1
6587 1
6588 0
6589 1
6590 1
6591 1
6592 0
6593 0
6594 1
6595 0
6596 0
6597 1
6598 1
6599 0
6600 0
6601 0
6602 1
6603 1
6604 0
6605 1
6606 1
6607 0
6608 0
6609 0
6610 1
6611 0
6612 0
6613 1
6614 1
6615 1
6616 0
6617 0
6618 1
6619 1
6620 0
6621 1
6622 1
6623 1
6624 0
6625 0
6626 1
6627 0
6628 0
6629 1
6630 1
6631 0
6632 0
6633 0
6634 1
6635 1
6636 0
6637 1
6638 1
6639 1
6640 0
6641 0
6642 1
6643 0
6644 0
6645 1
6646 1
6647 1
6648 0
6649 0
6650 1
6651 1
6652 0
6653 1
6654 1
6655 0
6656 0
6657 0
6658 1
6659 0
6660 0
6661 1
6662 1
6663 0
6664 0
6665 0
6666 1
6667 1
6668 0
6669 1
6670 1
6671 0
6672 0
6673 0
6674 1
6675 0
6676 0
6677 1
6678 1
6679 1
6680 0
6681 0
6682 1
6683 1
6684 0
6685 1
6686 1
6687 0
6688 0
6689 0
6690 1
6691 0
6692 0
6693 1
6694 1
6695 0
6696 0
6697 0
6698 1
6699 1
6700 0
6701 1
6702 1
6703 1
6704 0
6705 0
6706 1
6707 0
6708 0
6709 1
6710 1
6711 1
6712 0
6713 0
6714 1
6715 1
6716 0
6717 1
6718 1
6719 0
6720 0
6721 0
6722 1
6723 0
6724 0
6725 1
6726 1
6727 0
6728 0
6729 0
6730 1
6731 1
6732 0
6733 1
6734 1
6735 0
6736 0
6737 0
6738 1
6739 0
6740 0
6741 1
6742 1
6743 1
6744 0
6745 0
6746 1
6747 1
6748 0
6749 1
6750 1
6751 1
6752 0
6753 0
6754 1
6755 0
6756 0
6757 1
6758 1
6759 0
6760 0
6761 0
6762 1
6763 1
6764 0
6765 1
6766 1
6767 1
6768 0
6769 0
6770 1
6771 0
6772 0
6773 1
6774 1
6775 1
6776 0
6777 0
6778 1
6779 1
6780 0
6781 1
6782 1
6783 0
6784 0
6785 0
6786 1
6787 0
6788 0
6789 1
6790 1
6791 0
6792 0
6793 0
6794 1
6795 1
6796 0
6797 1
6798 1
6799 0
6800 0
6801 0
6802 1
6803 0
6804 0
6805 1
6806 1
6807 1
6808 0
6809 0
6810 1
6811 1
6812 0
6813 1
6814 1
6815 0
6816 0
6817 0
6818 1
6819 0
6820 0
6821 1
6822 1
6823 0
6824 0
6825 0
6826 1
6827 1
6828 0
6829 1
6830 1
6831 1
6832 0
6833 0
6834 1
6835 0
6836 0
6837 1
6838 1
6839 1
6840 0
6841 0
6842 1
6843 1
6844 0
6845 1
6846 1
6847 1
6848 0
6849 0
6850 1
6851 0
6852 0
6853 1
6854 1
6855 0
6856 0
6857 0
6858 1
6859 1
6860 0
6861 1
6862 1
6863 0
6864 0
6865 0
6866 1
6867 0
6868 0
6869 1
6870 1
6871 1
6872 0
6873 0
6874 1
6875 1
6876 0
6877 1
6878 1
6879 1
6880 0
6881 0
6882 1
6883 0
6884 0
6885 1
6886 1
6887 0
6888 0
6889 0
6890 1
6891 1
6892 0
6893 1
6894 1
6895 1
6896 0
6897 0
6898 1
6899 0
6900 0
6901 1
6902 1
6903 1
6904 0
6905 0
6906 1
6907 1
6908 0
6909 1
6910 1
6911 1
6912 0
6913 0
6914 1
6915 0
6916 0
6917 1
6918 1
6919 0
6920 0
6921 0
6922 1
6923 1
6924 0
6925 1
6926 1
6927 0
6928 0
6929 0
6930 1
6931 0
6932 0
6933 1
6934 1
6935 1
6936 0
6937 0
6938 1
6939 1
6940 0
6941 1
6942 1
6943 0
6944 0
6945 0
6946 1
6947 0
6948 0
6949 1
6950 1
6951 0
6952 0
6953 0
6954 1
6955 1
6956 0
6957 1
6958 1
6959 1
6960 0
6961 0
6962 1
6963 0
6964 0
6965 1
6966 1
6967 1
6968 0
6969 0
6970 1
6971 1
6972 0
6973 1
6974 1
6975 0
6976 0
6977 0
6978 1
6979 0
6980 0
6981 1
6982 1
6983 0
6984 0
6985 0
6986 1
6987 1
6988 0
6989 1
6990 1
6991 0
6992 0
6993 0
6994 1
6995 0
6996 0
6997 1
6998 1
6999 1
7000 0
7001 0
7002 1
7003 1
7004 0
7005 1
7006 1
7007 1
7008 0
7009 0
7010 1
7011 0
7012 0
7013 1
7014 1
7015 0
7016 0
7017 0
7018 1
7019 1
7020 0
7021 1
7022 1
7023 1
7024 0
7025 0
7026 1
7027 0
7028 0
7029 1
7030 1
7031 1
7032 0
7033 0
7034 1
7035 1
7036 0
7037 1
7038 1
7039 1
7040 0
7041 0
7042 1
7043 0
7044 0
7045 1
7046 1
7047 0
7048 0
7049 0
7050 1
7051 1
7052 0
7053 1
7054 1
7055 0
7056 0
7057 0
7058 1
7059 0
7060 0
7061 1
7062 1
7063 1
7064 0
7065 0
7066 1
7067 1
7068 0
7069 1
7070 1
7071 0
7072 0
7073 0
7074 1
7075 0
7076 0
7077 1
7078 1
7079 0
7080 0
7081 0
7082 1
7083 1
7084 0
7085 1
7086 1
7087 1
7088 0
7089 0
7090 1
7091 0
7092 0
7093 1
7094 1
7095 1
7096 0
7097 0
7098 1
7099 1
7100 0
7101 1
7102 1
7103 1
7104 0
7105 0
7106 1
7107 0
7108 0
7109 1
7110 1
7111 0
7112 0
7113 0
7114 1
7115 1
7116 0
7117 1
7118 1
7119 0
7120 0
7121 0
7122 1
7123 0
7124 0
7125 1
7126 1
7127 1
7128 0
7129 0
7130 1
7131 1
7132 0
7133 1
7134 1
7135 1
7136 0
7137 0
7138 1
7139 0
7140 0
7141 1
7142 1
7143 0
7144 0
7145 0
7146 1
7147 1
7148 0
7149 1
7150 1
7151 1
7152 0
7153 0
7154 1
7155 0
7156 0
7157 1
7158 1
7159 1
7160 0
7161 0
7162 1
7163 1
7164 0
7165 1
7166 1
7167 1
7168 0
7169 0
7170 1
7171 0
7172 0
7173 1
7174 1
7175 0
7176 0
7177 0
7178 1
7179 1
7180 0
7181 1
7182 1
7183 0
7184 0
7185 0
7186 1
7187 0
7188 0
7189 1
7190 1
7191 1
7192 0
7193 0
7194 1
7195 1
7196 0
7197 1
7198 1
7199 0
7200 0
7201 0
7202 1
7203 0
7204 0
7205 1
7206 1
7207 0
7208 0
7209 0
7210 1
7211 1
7212 0
7213 1
7214 1
7215 1
7216 0
7217 0
7218 1
7219 0
7220 0
7221 1
7222 1
7223 1
7224 0
7225 0
7226 1
7227 1
7228 0
7229 1
7230 1
7231 0
7232 0
7233 0
7234 1
7235 0
7236 0
7237 1
7238 1
7239 0
7240 0
7241 0
7242 1
7243 1
7244 0
7245 1
7246 1
7247 0
7248 0
7249 0
7250 1
7251 0
7252 0
7253 1
7254 1
7255 1
7256 0
7257 0
7258 1
7259 1
7260 0
7261 1
7262 1
7263 1
7264 0
7265 0
7266 1
7267 0
7268 0
7269 1
7270 1
7271 0
7272 0
7273 0
7274 1
7275 1
7276 0
7277 1
7278 1
7279 1
7280 0
7281 0
7282 1
7283 0
7284 0
7285 1
7286 1
7287 1
7288 0
7289 0
7290 1
7291 1
7292 0
7293 1
7294 1
7295 0
7296 0
7297 0
7298 1
7299 0
7300 0
7301 1
7302 1
7303 0
7304 0
7305 0
7306 1
7307 1
7308 0
7309 1
7310 1
7311 0
7312 0
7313 0
7314 1
7315 0
7316 0
7317 1
7318 1
7319 1
7320 0
7321 0
7322 1
7323 1
7324 0
7325 1
7326 1
7327 0
7328 0
7329 0
7330 1
7331 0
7332 0
7333 1
7334 1
7335 0
7336 0
7337 0
7338 1
7339 1
7340 0
7341 1
7342 1
7343 1
7344 0
7345 0
7346 1
7347 0
7348 0
7349 1
7350 1
7351 1
7352 0
7353 0
7354 1
7355 1
7356 0
7357 1
7358 1
7359 1
7360 0
7361 0
7362 1
7363 0
7364 0
7365 1
7366 1
7367 0
7368 0
7369 0
7370 1
7371 1
7372 0
7373 1
7374 1
7375 0
7376 0
7377 0
7378 1
7379 0
7380 0
7381 1
7382 1
7383 1
7384 0
7385 0
7386 1
7387 1
7388 0
7389 1
7390 1
7391 1
7392 0
7393 0
7394 1
7395 0
7396 0
7397 1
7398 1
7399 0
7400 0
7401 0
7402 1
7403 1
7404 0
7405 1
7406 1
7407 1
7408 0
7409 0
7410 1
7411 0
7412 0
7413 1
7414 1
7415 1
7416 0
7417 0
7418 1
7419 1
7420 0
7421 1
7422 1
7423 0
7424 0
7425 0
7426 1
7427 0
7428 0
7429 1
7430 1
7431 0
7432 0
7433 0
7434 1
7435 1
7436 0
7437 1
7438 1
7439 0
7440 0
7441 0
7442 1
7443 0
7444 0
7445 1
7446 1
7447 1
7448 0
7449 0
7450 1
7451 1
7452 0
7453 1
7454 1
7455 0
7456 0
7457 0
7458 1
7459 0
7460 0
7461 1
7462 1
7463 0
7464 0
7465 0
7466 1
7467 1
7468 0
7469 1
7470 1
7471 1
7472 0
7473 0
7474 1
7475 0
7476 0
7477 1
7478 1
7479 1
7480 0
7481 0
7482 1
7483 1
7484 0
7485 1
7486 1
7487 0
7488 0
7489 0
7490 1
7491 0
7492 0
7493 1
7494 1
7495 0
7496 0
7497 0
7498 1
7499 1
7500 0
7501 1
7502 1
7503 0
7504 0
7505 0
7506 1
7507 0
7508 0
7509 1
7510 1
7511 1
7512 0
7513 0
7514 1
7515 1
7516 0
7517 1
7518 1
7519 1
7520 0
7521 0
7522 1
7523 0
7524 0
7525 1
7526 1
7527 0
7528 0
7529 0
7530 1
7531 1
7532 0
7533 1
7534 1
7535 1
7536 0
7537 0
7538 1
7539 0
7540 0
7541 1
7542 1
7543 1
7544 0
7545 0
7546 1
7547 1
7548 0
7549 1
7550 1
7551 1
7552 0
7553 0
7554 1
7555 0
7556 0
7557 1
7558 1
7559 0
7560 0
7561 0
7562 1
7563 1
7564 0
7565 1
7566 1
7567 0
7568 0
7569 0
7570 1
7571 0
7572 0
7573 1
7574 1
7575 1
7576 0
7577 0
7578 1
7579 1
7580 0
7581 1
7582 1
7583 0
7584 0
7585 0
7586 1
7587 0
7588 0
7589 1
7590 1
7591 0
7592 0
7593 0
7594 1
7595 1
7596 0
7597 1
7598 1
7599 1
7600 0
7601 0
7602 1
7603 0
7604 0
7605 1
7606 1
7607 1
7608 0
7609 0
7610 1
7611 1
7612 0
7613 1
7614 1
7615 1
7616 0
7617 0
7618 1
7619 0
7620 0
7621 1
7622 1
7623 0
7624 0
7625 0
7626 1
7627 1
7628 0
7629 1
7630 1
7631 0
7632 0
7633 0
7634 1
7635 0
7636 0
7637 1
7638 1
7639 1
7640 0
7641 0
7642 1
7643 1
7644 0
7645 1
7646 1
7647 1
7648 0
7649 0
7650 1
7651 0
7652 0
7653 1
7654 1
7655 0
7656 0
7657 0
7658 1
7659 1
7660 0
7661 1
7662 1
7663 1
7664 0
7665 0
7666 1
7667 0
7668 0
7669 1
7670 1
7671 1
7672 0
7673 0
7674 1
7675 1
7676 0
7677 1
7678 1
7679 1
7680 0
7681 0
7682 1
7683 0
7684 0
7685 1
7686 1
7687 0
7688 0
7689 0
7690 1
7691 1
7692 0
7693 1
7694 1
7695 0
7696 0
7697 0
7698 1
7699 0
7700 0
7701 1
7702 1
7703 1
7704 0
7705 0
7706 1
7707 1
7708 0
7709 1
7710 1
7711 0
7712 0
7713 0
7714 1
7715 0
7716 0
7717 1
7718 1
7719 0
7720 0
7721 0
7722 1
7723 1
7724 0
7725 1
7726 1
7727 1
7728 0
7729 0
7730 1
7731 0
7732 0
7733 1
7734 1
7735 1
7736 0
7737 0
7738 1
7739 1
7740 0
7741 1
7742 1
7743 0
7744 0
7745 0
7746 1
7747 0
7748 0
7749 1
7750 1
7751 0
7752 0
7753 0
7754 1
7755 1
7756 0
7757 1
7758 1
7759 0
7760 0
7761 0
7762 1
7763 0
7764 0
7765 1
7766 1
7767 1
7768 0
7769 0
7770 1
7771 1
7772 0
7773 1
7774 1
7775 1
7776 0
7777 0
7778 1
7779 0
7780 0
7781 1
7782 1
7783 0
7784 0
7785 0
7786 1
7787 1
7788 0
7789 1
7790 1
7791 1
7792 0
7793 0
7794 1
7795 0
7796 0
7797 1
7798 1
7799 1
7800 0
7801 0
7802 1
7803 1
7804 0
7805 1
7806 1
7807 0
7808 0
7809 0
7810 1
7811 0
7812 0
7813 1
7814 1
7815 0
7816 0
7817 0
7818 1
7819 1
7820 0
7821 1
7822 1
7823 0
7824 0
7825 0
7826 1
7827 0
7828 0
7829 1
7830 1
7831 1
7832 0
7833 0
7834 1
7835 1
7836 0
7837 1
7838 1
7839 0
7840 0
7841 0
7842 1
7843 0
7844 0
7845 1
7846 1
7847 0
7848 0
7849 0
7850 1
7851 1
7852 0
7853 1
7854 1
7855 1
7856 0
7857 0
7858 1
7859 0
7860 0
7861 1
7862 1
7863 1
7864 0
7865 0
7866 1
7867 1
7868 0
7869 1
7870 1
7871 1
7872 0
7873 0
7874 1
7875 0
7876 0
7877 1
7878 1
7879 0
7880 0
7881 0
7882 1
7883 1
7884 0
7885 1
7886 1
7887 0
7888 0
7889 0
7890 1
7891 0
7892 0
7893 1
7894 1
7895 1
7896 0
7897 0
7898 1
7899 1
7900 0
7901 1
7902 1
7903 1
7904 0
7905 0
7906 1
7907 0
7908 0
7909 1
7910 1
7911 0
7912 0
7913 0
7914 1
7915 1
7916 0
7917 1
7918 1
7919 1
7920 0
7921 0
7922 1
7923 0
7924 0
7925 1
7926 1
7927 1
7928 0
7929 0
7930 1
7931 1
7932 0
7933 1
7934 1
7935 1
7936 0
7937 0
7938 1
7939 0
7940 0
7941 1
7942 1
7943 0
7944 0
7945 0
7946 1
7947 1
7948 0
7949 1
7950 1
7951 0
7952 0
7953 0
7954 1
7955 0
7956 0
7957 1
7958 1
7959 1
7960 0
7961 0
7962 1
7963 1
7964 0
7965 1
7966 1
7967 0
7968 0
7969 0
7970 1
7971 0
7972 0
7973 1
7974 1
7975 0
7976 0
7977 0
7978 1
7979 1
7980 0
7981 1
7982 1
7983 1
7984 0
7985 0
7986 1
7987 0
7988 0
7989 1
7990 1
7991 1
7992 0
7993 0
7994 1
7995 1
7996 0
7997 1
7998 1
7999 0
8000 0
8001 0
8002 1
8003 0
8004 0
8005 1
8006 1
8007 0
8008 0
8009 0
8010 1
8011 1
8012 0
8013 1
8014 1
8015 0
8016 0
8017 0
8018 1
8019 0
8020 0
8021 1
8022 1
8023 1
8024 0
8025 0
8026 1
8027 1
8028 0
8029 1
8030 1
8031 1
8032 0
8033 0
8034 1
8035 0
8036 0
8037 1
8038 1
8039 0
8040 0
8041 0
8042 1
8043 1
8044 0
8045 1
8046 1
8047 1
8048 0
8049 0
8050 1
8051 0
8052 0
8053 1
8054 1
8055 1
8056 0
8057 0
8058 1
8059 1
8060 0
8061 1
8062 1
8063 1
8064 0
8065 0
8066 1
8067 0
8068 0
8069 1
8070 1
8071 0
8072 0
8073 0
8074 1
8075 1
8076 0
8077 1
8078 1
8079 0
8080 0
8081 0
8082 1
8083 0
8084 0
8085 1
8086 1
8087 1
8088 0
8089 0
8090 1
8091 1
8092 0
8093 1
8094 1
8095 0
8096 0
8097 0
8098 1
8099 0
8100 0
8101 1
8102 1
8103 0
8104 0
8105 0
8106 1
8107 1
8108 0
8109 1
8110 1
8111 1
8112 0
8113 0
8114 1
8115 0
8116 0
8117 1
8118 1
8119 1
8120 0
8121 0
8122 1
8123 1
8124 0
8125 1
8126 1
8127 1
8128 0
8129 0
8130 1
8131 0
8132 0
8133 1
8134 1
8135 0
8136 0
8137 0
8138 1
8139 1
8140 0
8141 1
8142 1
8143 0
8144 0
8145 0
8146 1
8147 0
8148 0
8149 1
8150 1
8151 1
8152 0
8153 0
8154 1
8155 1
8156 0
8157 1
8158 1
8159 1
8160 0
8161 0
8162 1
8163 0
8164 0
8165 1
8166 1
8167 0
8168 0
8169 0
8170 1
8171 1
8172 0
8173 1
8174 1
8175 1
8176 0
8177 0
8178 1
8179 0
8180 0
8181 1
8182 1
8183 1
8184 0
8185 0
8186 1
8187 1
8188 0
8189 1
8190 1
8191 0
8192 0
8193 0
8194 1
8195 0
8196 0
8197 1
8198 1
8199 0
8200 0
8201 0
8202 1
8203 1
8204 0
8205 1
8206 1
8207 0
8208 0
8209 0
8210 1
8211 0
8212 0
8213 1
8214 1
8215 1
8216 0
8217 0
8218 1
8219 1
8220 0
8221 1
8222 1
8223 0
8224 0
8225 0
8226 1
8227 0
8228 0
8229 1
8230 1
8231 0
8232 0
8233 0
8234 1
8235 1
8236 0
8237 1
8238 1
8239 1
8240 0
8241 0
8242 1
8243 0
8244 0
8245 1
8246 1
8247 1
8248 0
8249 0
8250 1
8251 1
8252 0
8253 1
8254 1
8255 0
8256 0
8257 0
8258 1
8259 0
8260 0
8261 1
8262 1
8263 0
8264 0
8265 0
8266 1
8267 1
8268 0
8269 1
8270 1
8271 0
8272 0
8273 0
8274 1
8275 0
8276 0
8277 1
8278 1
8279 1
8280 0
8281 0
8282 1
8283 1
8284 0
8285 1
8286 1
8287 1
8288 0
8289 0
8290 1
8291 0
8292 0
8293 1
8294 1
8295 0
8296 0
8297 0
8298 1
8299 1
8300 0
8301 1
8302 1
8303 1
8304 0
8305 0
8306 1
8307 0
8308 0
8309 1
8310 1
8311 1
8312 0
8313 0
8314 1
8315 1
8316 0
8317 1
8318 1
8319 0
8320 0
8321 0
8322 1
8323 0
8324 0
8325 1
8326 1
8327 0
8328 0
8329 0
8330 1
8331 1
8332 0
8333 1
8334 1
8335 0
8336 0
8337 0
8338 1
8339 0
8340 0
8341 1
8342 1
8343 1
8344 0
8345 0
8346 1
8347 1
8348 0
8349 1
8350 1
8351 0
8352 0
8353 0
8354 1
8355 0
8356 0
8357 1
8358 1
8359 0
8360 0
8361 0
8362 1
8363 1
8364 0
8365 1
8366 1
8367 1
8368 0
8369 0
8370 1
8371 0
8372 0
8373 1
8374 1
8375 1
8376 0
8377 0
8378 1
8379 1
8380 0
8381 1
8382 1
8383 1
8384 0
8385 0
8386 1
8387 0
8388 0
8389 1
8390 1
8391 0
8392 0
8393 0
8394 1
8395 1
8396 0
8397 1
8398 1
8399 0
8400 0
8401 0
8402 1
8403 0
8404 0
8405 1
8406 1
8407 1
8408 0
8409 0
8410 1
8411 1
8412 0
8413 1
8414 1
8415 1
8416 0
8417 0
8418 1
8419 0
8420 0
8421 1
8422 1
8423 0
8424 0
8425 0
8426 1
8427 1
8428 0
8429 1
8430 1
8431 1
8432 0
8433 0
8434 1
8435 0
8436 0
8437 1
8438 1
8439 1
8440 0
8441 0
8442 1
8443 1
8444 0
8445 1
8446 1
8447 0
8448 0
8449 0
8450 1
8451 0
8452 0
8453 1
8454 1
8455 0
8456 0
8457 0
8458 1
8459 1
8460 0
8461 1
8462 1
8463 0
8464 0
8465 0
8466 1
8467 0
8468 0
8469 1
8470 1
8471 1
8472 0
8473 0
8474 1
8475 1
8476 0
8477 1
8478 1
8479 0
8480 0
8481 0
8482 1
8483 0
8484 0
8485 1
8486 1
8487 0
8488 0
8489 0
8490 1
8491 1
8492 0
8493 1
8494 1
8495 1
8496 0
8497 0
8498 1
8499 0
8500 0
8501 1
8502 1
8503 1
8504 0
8505 0
8506 1
8507 1
8508 0
8509 1
8510 1
8511 0
8512 0
8513 0
8514 1
8515 0
8516 0
8517 1
8518 1
8519 0
8520 0
8521 0
8522 1
8523 1
8524 0
8525 1
8526 1
8527 0
8528 0
8529 0
8530 1
8531 0
8532 0
8533 1
8534 1
8535 1
8536 0
8537 0
8538 1
8539 1
8540 0
8541 1
8542 1
8543 1
8544 0
8545 0
8546 1
8547 0
8548 0
8549 1
8550 1
8551 0
8552 0
8553 0
8554 1
8555 1
8556 0
8557 1
8558 1
8559 1
8560 0
8561 0
8562 1
8563 0
8564 0
8565 1
8566 1
8567 1
8568 0
8569 0
8570 1
8571 1
8572 0
8573 1
8574 1
8575 1
8576 0
8577 0
8578 1
8579 0
8580 0
8581 1
8582 1
8583 0
8584 0
8585 0
8586 1
8587 1
8588 0
8589 1
8590 1
8591 0
8592 0
8593 0
8594 1
8595 0
8596 0
8597 1
8598 1
8599 1
8600 0
8601 0
8602 1
8603 1
8604 0
8605 1
8606 1
8607 0
8608 0
8609 0
8610 1
8611 0
8612 0
8613 1
8614 1
8615 0
8616 0
8617 0
8618 1
8619 1
8620 0
8621 1
8622 1
8623 1
8624 0
8625 0
8626 1
8627 0
8628 0
8629 1
8630 1
8631 1
8632 0
8633 0
8634 1
8635 1
8636 0
8637 1
8638 1
8639 1
8640 0
8641 0
8642 1
8643 0
8644 0
8645 1
8646 1
8647 0
8648 0
8649 0
8650 1
8651 1
8652 0
8653 1
8654 1
8655 0
8656 0
8657 0
8658 1
8659 0
8660 0
8661 1
8662 1
8663 1
8664 0
8665 0
8666 1
8667 1
8668 0
8669 1
8670 1
8671 1
8672 0
8673 0
8674 1
8675 0
8676 0
8677 1
8678 1
8679 0
8680 0
8681 0
8682 1
8683 1
8684 0
8685 1
8686 1
8687 1
8688 0
8689 0
8690 1
8691 0
8692 0
8693 1
8694 1
8695 1
8696 0
8697 0
8698 1
8699 1
8700 0
8701 1
8702 1
8703 0
8704 0
8705 0
8706 1
8707 0
8708 0
8709 1
8710 1
8711 0
8712 0
8713 0
8714 1
8715 1
8716 0
8717 1
8718 1
8719 0
8720 0
8721 0
8722 1
8723 0
8724 0
8725 1
8726 1
8727 1
8728 0
8729 0
8730 1
8731 1
8732 0
8733 1
8734 1
8735 0
8736 0
8737 0
8738 1
8739 0
8740 0
8741 1
8742 1
8743 0
8744 0
8745 0
8746 1
8747 1
8748 0
8749 1
8750 1
8751 1
8752 0
8753 0
8754 1
8755 0
8756 0
8757 1
8758 1
8759 1
8760 0
8761 0
8762 1
8763 1
8764 0
8765 1
8766 1
8767 0
8768 0
8769 0
8770 1
8771 0
8772 0
8773 1
8774 1
8775 0
8776 0
8777 0
8778 1
8779 1
8780 0
8781 1
8782 1
8783 0
8784 0
8785 0
8786 1
8787 0
8788 0
8789 1
8790 1
8791 1
8792 0
8793 0
8794 1
8795 1
8796 0
8797 1
8798 1
8799 1
8800 0
8801 0
8802 1
8803 0
8804 0
8805 1
8806 1
8807 0
8808 0
8809 0
8810 1
8811 1
8812 0
8813 1
8814 1
8815 1
8816 0
8817 0
8818 1
8819 0
8820 0
8821 1
8822 1
8823 1
8824 0
8825 0
8826 1
8827 1
8828 0
8829 1
8830 1
8831 0
8832 0
8833 0
8834 1
8835 0
8836 0
8837 1
8838 1
8839 0
8840 0
8841 0
8842 1
8843 1
8844 0
8845 1
8846 1
8847 0
8848 0
8849 0
8850 1
8851 0
8852 0
8853 1
8854 1
8855 1
8856 0
8857 0
8858 1
8859 1
8860 0
8861 1
8862 1
8863 0
8864 0
8865 0
8866 1
8867 0
8868 0
8869 1
8870 1
8871 0
8872 0
8873 0
8874 1
8875 1
8876 0
8877 1
8878 1
8879 1
8880 0
8881 0
8882 1
8883 0
8884 0
8885 1
8886 1
8887 1
8888 0
8889 0
8890 1
8891 1
8892 0
8893 1
8894 1
8895 1
8896 0
8897 0
8898 1
8899 0
8900 0
8901 1
8902 1
8903 0
8904 0
8905 0
8906 1
8907 1
8908 0
8909 1
8910 1
8911 0
8912 0
8913 0
8914 1
8915 0
8916 0
8917 1
8918 1
8919 1
8920 0
8921 0
8922 1
8923 1
8924 0
8925 1
8926 1
8927 1
8928 0
8929 0
8930 1
8931 0
8932 0
8933 1
8934 1
8935 0
8936 0
8937 0
8938 1
8939 1
8940 0
8941 1
8942 1
8943 1
8944 0
8945 0
8946 1
8947 0
8948 0
8949 1
8950 1
8951 1
8952 0
8953 0
8954 1
8955 1
8956 0
8957 1
8958 1
8959 1
8960 0
8961 0
8962 1
8963 0
8964 0
8965 1
8966 1
8967 0
8968 0
8969 0
8970 1
8971 1
8972 0
8973 1
8974 1
8975 0
8976 0
8977 0
8978 1
8979 0
8980 0
8981 1
8982 1
8983 1
8984 0
8985 0
8986 1
8987 1
8988 0
8989 1
8990 1
8991 0
8992 0
8993 0
8994 1
8995 0
8996 0
8997 1
8998 1
8999 0
9000 0
9001 0
9002 1
9003 1
9004 0
9005 1
9006 1
9007 1
9008 0
9009 0
9010 1
9011 0
9012 0
9013 1
9014 1
9015 1
9016 0
9017 0
9018 1
9019 1
9020 0
9021 1
9022 1
9023 0
9024 0
9025 0
9026 1
9027 0
9028 0
9029 1
9030 1
9031 0
9032 0
9033 0
9034 1
9035 1
9036 0
9037 1
9038 1
9039 0
9040 0
9041 0
9042 1
9043 0
9044 0
9045 1
9046 1
9047 1
9048 0
9049 0
9050 1
9051 1
9052 0
9053 1
9054 1
9055 1
9056 0
9057 0
9058 1
9059 0
9060 0
9061 1
9062 1
9063 0
9064 0
9065 0
9066 1
9067 1
9068 0
9069 1
9070 1
9071 1
9072 0
9073 0
9074 1
9075 0
9076 0
9077 1
9078 1
9079 1
9080 0
9081 0
9082 1
9083 1
9084 0
9085 1
9086 1
9087 1
9088 0
9089 0
9090 1
9091 0
9092 0
9093 1
9094 1
9095 0
9096 0
9097 0
9098 1
9099 1
9100 0
9101 1
9102 1
9103 0
9104 0
9105 0
9106 1
9107 0
9108 0
9109 1
9110 1
9111 1
9112 0
9113 0
9114 1
9115 1
9116 0
9117 1
9118 1
9119 0
9120 0
9121 0
9122 1
9123 0
9124 0
9125 1
9126 1
9127 0
9128 0
9129 0
9130 1
9131 1
9132 0
9133 1
9134 1
9135 1
9136 0
9137 0
9138 1
9139 0
9140 0
9141 1
9142 1
9143 1
9144 0
9145 0
9146 1
9147 1
9148 0
9149 1
9150 1
9151 1
9152 0
9153 0
9154 1
9155 0
9156 0
9157 1
9158 1
9159 0
9160 0
9161 0
9162 1
9163 1
9164 0
9165 1
9166 1
9167 0
9168 0
9169 0
9170 1
9171 0
9172 0
9173 1
9174 1
9175 1
9176 0
9177 0
9178 1
9179 1
9180 0
9181 1
9182 1
9183 1
9184 0
9185 0
9186 1
9187 0
9188 0
9189 1
9190 1
9191 0
9192 0
9193 0
9194 1
9195 1
9196 0
9197 1
9198 1
9199 1
9200 0
9201 0
9202 1
9203 0
9204 0
9205 1
9206 1
9207 1
9208 0
9209 0
9210 1
9211 1
9212 0
9213 1
9214 1
9215 0
9216 0
9217 0
9218 1
9219 0
9220 0
9221 1
9222 1
9223 0
9224 0
9225 0
9226 1
9227 1
9228 0
9229 1
9230 1
9231 0
9232 0
9233 0
9234 1
9235 0
9236 0
9237 1
9238 1
9239 1
9240 0
9241 0
9242 1
9243 1
9244 0
9245 1
9246 1
9247 0
9248 0
9249 0
9250 1
9251 0
9252 0
9253 1
9254 1
9255 0
9256 0
9257 0
9258 1
9259 1
9260 0
9261 1
9262 1
9263 1
9264 0
9265 0
9266 1
9267 0
9268 0
9269 1
9270 1
9271 1
9272 0
9273 0
9274 1
9275 1
9276 0
9277 1
9278 1
9279 0
9280 0
9281 0
9282 1
9283 0
9284 0
9285 1
9286 1
9287 0
9288 0
9289 0
9290 1
9291 1
9292 0
9293 1
9294 1
9295 0
9296 0
9297 0
9298 1
9299 0
9300 0
9301 1
9302 1
9303 1
9304 0
9305 0
9306 1
9307 1
9308 0
9309 1
9310 1
9311 1
9312 0
9313 0
9314 1
9315 0
9316 0
9317 1
9318 1
9319 0
9320 0
9321 0
9322 1
9323 1
9324 0
9325 1
9326 1
9327 1
9328 0
9329 0
9330 1
9331 0
9332 0
9333 1
9334 1
9335 1
9336 0
9337 0
9338 1
9339 1
9340 0
9341 1
9342 1
9343 0
9344 0
9345 0
9346 1
9347 0
9348 0
9349 1
9350 1
9351 0
9352 0
9353 0
9354 1
9355 1
9356 0
9357 1
9358 1
9359 0
9360 0
9361 0
9362 1
9363 0
9364 0
9365 1
9366 1
9367 1
9368 0
9369 0
9370 1
9371 1
9372 0
9373 1
9374 1
9375 0
9376 0
9377 0
9378 1
9379 0
9380 0
9381 1
9382 1
9383 0
9384 0
9385 0
9386 1
9387 1
9388 0
9389 1
9390 1
9391 1
9392 0
9393 0
9394 1
9395 0
9396 0
9397 1
9398 1
9399 1
9400 0
9401 0
9402 1
9403 1
9404 0
9405 1
9406 1
9407 1
9408 0
9409 0
9410 1
9411 0
9412 0
9413 1
9414 1
9415 0
9416 0
9417 0
9418 1
9419 1
9420 0
9421 1
9422 1
9423 0
9424 0
9425 0
9426 1
9427 0
9428 0
9429 1
9430 1
9431 1
9432 0
9433 0
9434 1
9435 1
9436 0
9437 1
9438 1
9439 1
9440 0
9441 0
9442 1
9443 0
9444 0
9445 1
9446 1
9447 0
9448 0
9449 0
9450 1
9451 1
9452 0
9453 1
9454 1
9455 1
9456 0
9457 0
9458 1
9459 0
9460 0
9461 1
9462 1
9463 1
9464 0
9465 0
9466 1
9467 1
9468 0
9469 1
9470 1
9471 0
9472 0
9473 0
9474 1
9475 0
9476 0
9477 1
9478 1
9479 0
9480 0
9481 0
9482 1
9483 1
9484 0
9485 1
9486 1
9487 0
9488 0
9489 0
9490 1
9491 0
9492 0
9493 1
9494 1
9495 1
9496 0
9497 0
9498 1
9499 1
9500 0
9501 1
9502 1
9503 0
9504 0
9505 0
9506 1
9507 0
9508 0
9509 1
9510 1
9511 0
9512 0
9513 0
9514 1
9515 1
9516 0
9517 1
9518 1
9519 1
9520 0
9521 0
9522 1
9523 0
9524 0
9525 1
9526 1
9527 1
9528 0
9529 0
9530 1
9531 1
9532 0
9533 1
9534 1
9535 0
9536 0
9537 0
9538 1
9539 0
9540 0
9541 1
9542 1
9543 0
9544 0
9545 0
9546 1
9547 1
9548 0
9549 1
9550 1
9551 0
9552 0
9553 0
9554 1
9555 0
9556 0
9557 1
9558 1
9559 1
9560 0
9561 0
9562 1
9563 1
9564 0
9565 1
9566 1
9567 1
9568 0
9569 0
9570 1
9571 0
9572 0
9573 1
9574 1
9575 0
9576 0
9577 0
9578 1
9579 1
9580 0
9581 1
9582 1
9583 1
9584 0
9585 0
9586 1
9587 0
9588 0
9589 1
9590 1
9591 1
9592 0
9593 0
9594 1
9595 1
9596 0
9597 1
9598 1
9599 1
9600 0
9601 0
9602 1
9603 0
9604 0
9605 1
9606 1
9607 0
9608 0
9609 0
9610 1
9611 1
9612 0
9613 1
9614 1
9615 0
9616 0
9617 0
9618 1
9619 0
9620 0
9621 1
9622 1
9623 1
9624 0
9625 0
9626 1
9627 1
9628 0
9629 1
9630 1
9631 0
9632 0
9633 0
9634 1
9635 0
9636 0
9637 1
9638 1
9639 0
9640 0
9641 0
9642 1
9643 1
9644 0
9645 1
9646 1
9647 1
9648 0
9649 0
9650 1
9651 0
9652 0
9653 1
9654 1
9655 1
9656 0
9657 0
9658 1
9659 1
9660 0
9661 1
9662 1
9663 1
9664 0
9665 0
9666 1
9667 0
9668 0
9669 1
9670 1
9671 0
9672 0
9673 0
9674 1
9675 1
9676 0
9677 1
9678 1
9679 0
9680 0
9681 0
9682 1
9683 0
9684 0
9685 1
9686 1
9687 1
9688 0
9689 0
9690 1
9691 1
9692 0
9693 1
9694 1
9695 1
9696 0
9697 0
9698 1
9699 0
9700 0
9701 1
9702 1
9703 0
9704 0
9705 0
9706 1
9707 1
9708 0
9709 1
9710 1
9711 1
9712 0
9713 0
9714 1
9715 0
9716 0
9717 1
9718 1
9719 1
9720 0
9721 0
9722 1
9723 1
9724 0
9725 1
9726 1
9727 1
9728 0
9729 0
9730 1
9731 0
9732 0
9733 1
9734 1
9735 0
9736 0
9737 0
9738 1
9739 1
9740 0
9741 1
9742 1
9743 0
9744 0
9745 0
9746 1
9747 0
9748 0
9749 1
9750 1
9751 1
9752 0
9753 0
9754 1
9755 1
9756 0
9757 1
9758 1
9759 0
9760 0
9761 0
9762 1
9763 0
9764 0
9765 1
9766 1
9767 0
9768 0
9769 0
9770 1
9771 1
9772 0
9773 1
9774 1
9775 1
9776 0
9777 0
9778 1
9779 0
9780 0
9781 1
9782 1
9783 1
9784 0
9785 0
9786 1
9787 1
9788 0
9789 1
9790 1
9791 0
9792 0
9793 0
9794 1
9795 0
9796 0
9797 1
9798 1
9799 0
9800 0
9801 0
9802 1
9803 1
9804 0
9805 1
9806 1
9807 0
9808 0
9809 0
9810 1
9811 0
9812 0
9813 1
9814 1
9815 1
9816 0
9817 0
9818 1
9819 1
9820 0
9821 1
9822 1
9823 1
9824 0
9825 0
9826 1
9827 0
9828 0
9829 1
9830 1
9831 0
9832 0
9833 0
9834 1
9835 1
9836 0
9837 1
9838 1
9839 1
9840 0
9841 0
9842 1
9843 0
9844 0
9845 1
9846 1
9847 1
9848 0
9849 0
9850 1
9851 1
9852 0
9853 1
9854 1
9855 0
9856 0
9857 0
9858 1
9859 0
9860 0
9861 1
9862 1
9863 0
9864 0
9865 0
9866 1
9867 1
9868 0
9869 1
9870 1
9871 0
9872 0
9873 0
9874 1
9875 0
9876 0
9877 1
9878 1
9879 1
9880 0
9881 0
9882 1
9883 1
9884 0
9885 1
9886 1
9887 0
9888 0
9889 0
9890 1
9891 0
9892 0
9893 1
9894 1
9895 0
9896 0
9897 0
9898 1
9899 1
9900 0
9901 1
9902 1
9903 1
9904 0
9905 0
9906 1
9907 0
9908 0
9909 1
9910 1
9911 1
9912 0
9913 0
9914 1
9915 1
9916 0
9917 1
9918 1
9919 1
9920 0
9921 0
9922 1
9923 0
9924 0
9925 1
9926 1
9927 0
9928 0
9929 0
9930 1
9931 1
9932 0
9933 1
9934 1
9935 0
9936 0
9937 0
9938 1
9939 0
9940 0
9941 1
9942 1
9943 1
9944 0
9945 0
9946 1
9947 1
9948 0
9949 1
9950 1
9951 1
9952 0
9953 0
9954 1
9955 0
9956 0
9957 1
9958 1
9959 0
9960 0
9961 0
9962 1
9963 1
9964 0
9965 1
9966 1
9967 1
9968 0
9969 0
9970 1
9971 0
9972 0
9973 1
9974 1
9975 1
9976 0
9977 0
9978 1
9979 1
9980 0
9981 1
9982 1
9983 1
9984 0
9985 0
9986 1
9987 0
9988 0
9989 1
9990 1
9991 0
9992 0
9993 0
9994 1
9995 1
9996 0
9997 1
9998 1
9999 0
10000 0