0 1
1 1
2 0
3 1
4 1
5 0
6 0
7 1
8 1
9 1
10 0
11 0
12 1
13 0
14 0
15 1
16 1
17 1
18 0
19 1
20 1
21 0
22 0
23 0
24 1
25 1
26 0
27 0
28 1
29 0
30 0
31 1
32 1
33 1
34 0
35 1
36 1
37 0
38 0
39 1
40 1
41 1
42 0
43 0
44 1
45 0
46 0
47 0
48 1
49 1
50 0
51 1
52 1
53 0
54 0
55 0
56 1
57 1
58 0
59 0
60 1
61 0
62 0
63 1
64 1
65 1
66 0
67 1
68 1
69 0
70 0
71 1
72 1
73 1
74 0
75 0
76 1
77 0
78 0
79 1
80 1
81 1
82 0
83 1
84 1
85 0
86 0
87 0
88 1
89 1
90 0
91 0
92 1
93 0
94 0
95 0
96 1
97 1
98 0
99 1
100 1
101 0
102 0
103 1
104 1
105 1
106 0
107 0
108 1
109 0
110 0
111 0
112 1
113 1
114 0
115 1
116 1
117 0
118 0
119 0
120 1
121 1
122 0
123 0
124 1
125 0
126 0
127 1
128 1
129 1
130 0
131 1
132 1
133 0
134 0
135 1
136 1
137 1
138 0
139 0
140 1
141 0
142 0
143 1
144 1
145 1
146 0
147 1
148 1
149 0
150 0
151 0
152 1
153 1
154 0
155 0
156 1
157 0
158 0
159 1
160 1
161 1
162 0
163 1
164 1
165 0
166 0
167 1
168 1
169 1
170 0
171 0
172 1
173 0
174 0
175 0
176 1
177 1
178 0
179 1
180 1
181 0
182 0
183 0
184 1
185 1
186 0
187 0
188 1
189 0
190 0
191 0
192 1
193 1
194 0
195 1
196 1
197 0
198 0
199 1
200 1
201 1
202 0
203 0
204 1
205 0
206 0
207 1
208 1
209 1
210 0
211 1
212 1
213 0
214 0
215 0
216 1
217 1
218 0
219 0
220 1
221 0
222 0
223 0
224 1
225 1
226 0
227 1
228 1
229 0
230 0
231 1
232 1
233 1
234 0
235 0
236 1
237 0
238 0
239 0
240 1
241 1
242 0
243 1
244 1
245 0
246 0
247 0
248 1
249 1
250 0
251 0
252 1
253 0
254 0
255 1
256 1
257 1
258 0
259 1
260 1
261 0
262 0
263 1
264 1
265 1
266 0
267 0
268 1
269 0
270 0
271 1
272 1
273 1
274 0
275 1
276 1
277 0
278 0
279 0
280 1
281 1
282 0
283 0
284 1
285 0
286 0
287 1
288 1
289 1
290 0
291 1
292 1
293 0
294 0
295 1
296 1
297 1
298 0
299 0
300 1
301 0
302 0
303 0
304 1
305 1
306 0
307 1
308 1
309 0
310 0
311 0
312 1
313 1
314 0
315 0
316 1
317 0
318 0
319 1
320 1
321 1
322 0
323 1
324 1
325 0
326 0
327 1
328 1
329 1
330 0
331 0
332 1
333 0
334 0
335 1
336 1
337 1
338 0
339 1
340 1
341 0
342 0
343 0
344 1
345 1
346 0
347 0
348 1
349 0
350 0
351 0
352 1
353 1
354 0
355 1
356 1
357 0
358 0
359 1
360 1
361 1
362 0
363 0
364 1
365 0
366 0
367 0
368 1
369 1
370 0
371 1
372 1
373 0
374 0
375 0
376 1
377 1
378 0
379 0
380 1
381 0
382 0
383 0
384 1
385 1
386 0
387 1
388 1
389 0
390 0
391 1
392 1
393 1
394 0
395 0
396 1
397 0
398 0
399 1
400 1
401 1
402 0
403 1
404 1
405 0
406 0
407 0
408 1
409 1
410 0
411 0
412 1
413 0
414 0
415 1
416 1
417 1
418 0
419 1
420 1
421 0
422 0
423 1
424 1
425 1
426 0
427 0
428 1
429 0
430 0
431 0
432 1
433 1
434 0
435 1
436 1
437 0
438 0
439 0
440 1
441 1
442 0
443 0
444 1
445 0
446 0
447 0
448 1
449 1
450 0
451 1
452 1
453 0
454 0
455 1
456 1
457 1
458 0
459 0
460 1
461 0
462 0
463 1
464 1
465 1
466 0
467 1
468 1
469 0
470 0
471 0
472 1
473 1
474 0
475 0
476 1
477 0
478 0
479 0
480 1
481 1
482 0
483 1
484 1
485 0
486 0
487 1
488 1
489 1
490 0
491 0
492 1
493 0
494 0
495 0
496 1
497 1
498 0
499 1
500 1
501 0
502 0
503 0
504 1
505 1
506 0
507 0
508 1
509 0
510 0
511 1
512 1
513 1
514 0
515 1
516 1
517 0
518 0
519 1
520 1
521 1
522 0
523 0
524 1
525 0
526 0
527 1
528 1
529 1
530 0
531 1
532 1
533 0
534 0
535 0
536 1
537 1
538 0
539 0
540 1
541 0
542 0
543 1
544 1
545 1
546 0
547 1
548 1
549 0
550 0
551 1
552 1
553 1
554 0
555 0
556 1
557 0
558 0
559 0
560 1
561 1
562 0
563 1
564 1
565 0
566 0
567 0
568 1
569 1
570 0
571 0
572 1
573 0
574 0
575 1
576 1
577 1
578 0
579 1
580 1
581 0
582 0
583 1
584 1
585 1
586 0
587 0
588 1
589 0
590 0
591 1
592 1
593 1
594 0
595 1
596 1
597 0
598 0
599 0
600 1
601 1
602 0
603 0
604 1
605 0
606 0
607 0
608 1
609 1
610 0
611 1
612 1
613 0
614 0
615 1
616 1
617 1
618 0
619 0
620 1
621 0
622 0
623 0
624 1
625 1
626 0
627 1
628 1
629 0
630 0
631 0
632 1
633 1
634 0
635 0
636 1
637 0
638 0
639 1
640 1
641 1
642 0
643 1
644 1
645 0
646 0
647 1
648 1
649 1
650 0
651 0
652 1
653 0
654 0
655 1
656 1
657 1
658 0
659 1
660 1
661 0
662 0
663 0
664 1
665 1
666 0
667 0
668 1
669 0
670 0
671 1
672 1
673 1
674 0
675 1
676 1
677 0
678 0
679 1
680 1
681 1
682 0
683 0
684 1
685 0
686 0
687 0
688 1
689 1
690 0
691 1
692 1
693 0
694 0
695 0
696 1
697 1
698 0
699 0
700 1
701 0
702 0
703 0
704 1
705 1
706 0
707 1
708 1
709 0
710 0
711 1
712 1
713 1
714 0
715 0
716 1
717 0
718 0
719 1
720 1
721 1
722 0
723 1
724 1
725 0
726 0
727 0
728 1
729 1
730 0
731 0
732 1
733 0
734 0
735 0
736 1
737 1
738 0
739 1
740 1
741 0
742 0
743 1
744 1
745 1
746 0
747 0
748 1
749 0
750 0
751 0
752 1
753 1
754 0
755 1
756 1
757 0
758 0
759 0
760 1
761 1
762 0
763 0
764 1
765 0
766 0
767 0
768 1
769 1
770 0
771 1
772 1
773 0
774 0
775 1
776 1
777 1
778 0
779 0
780 1
781 0
782 0
783 1
784 1
785 1
786 0
787 1
788 1
789 0
790 0
791 0
792 1
793 1
794 0
795 0
796 1
797 0
798 0
799 1
800 1
801 1
802 0
803 1
804 1
805 0
806 0
807 1
808 1
809 1
810 0
811 0
812 1
813 0
814 0
815 0
816 1
817 1
818 0
819 1
820 1
821 0
822 0
823 0
824 1
825 1
826 0
827 0
828 1
829 0
830 0
831 1
832 1
833 1
834 0
835 1
836 1
837 0
838 0
839 1
840 1
841 1
842 0
843 0
844 1
845 0
846 0
847 1
848 1
849 1
850 0
851 1
852 1
853 0
854 0
855 0
856 1
857 1
858 0
859 0
860 1
861 0
862 0
863 0
864 1
865 1
866 0
867 1
868 1
869 0
870 0
871 1
872 1
873 1
874 0
875 0
876 1
877 0
878 0
879 0
880 1
881 1
882 0
883 1
884 1
885 0
886 0
887 0
888 1
889 1
890 0
891 0
892 1
893 0
894 0
895 0
896 1
897 1
898 0
899 1
900 1
901 0
902 0
903 1
904 1
905 1
906 0
907 0
908 1
909 0
910 0
911 1
912 1
913 1
914 0
915 1
916 1
917 0
918 0
919 0
920 1
921 1
922 0
923 0
924 1
925 0
926 0
927 1
928 1
929 1
930 0
931 1
932 1
933 0
934 0
935 1
936 1
937 1
938 0
939 0
940 1
941 0
942 0
943 0
944 1
945 1
946 0
947 1
948 1
949 0
950 0
951 0
952 1
953 1
954 0
955 0
956 1
957 0
958 0
959 0
960 1
961 1
962 0
963 1
964 1
965 0
966 0
967 1
968 1
969 1
970 0
971 0
972 1
973 0
974 0
975 1
976 1
977 1
978 0
979 1
980 1
981 0
982 0
983 0
984 1
985 1
986 0
987 0
988 1
989 0
990 0
991 0
992 1
993 1
994 0
995 1
996 1
997 0
998 0
999 1
1000 1
1001 1
1002 0
1003 0
1004 1
1005 0
1006 0
1007 0
1008 1
1009 1
1010 0
1011 1
1012 1
1013 0
1014 0
1015 0
1016 1
1017 1
1018 0
1019 0
1020 1
1021 0
1022 0
1023 1
1024 1
1025 1
1026 0
1027 1
1028 1
1029 0
1030 0
1031 1
1032 1
1033 1
1034 0
1035 0
1036 1
1037 0
1038 0
1039 1
1040 1
1041 1
1042 0
1043 1
1044 1
1045 0
1046 0
1047 0
1048 1
1049 1
1050 0
1051 0
1052 1
1053 0
1054 0
1055 1
1056 1
1057 1
1058 0
1059 1
1060 1
1061 0
1062 0
1063 1
1064 1
1065 1
1066 0
1067 0
1068 1
1069 0
1070 0
1071 0
1072 1
1073 1
1074 0
1075 1
1076 1
1077 0
1078 0
1079 0
1080 1
1081 1
1082 0
1083 0
1084 1
1085 0
1086 0
1087 1
1088 1
1089 1
1090 0
1091 1
1092 1
1093 0
1094 0
1095 1
1096 1
1097 1
1098 0
1099 0
1100 1
1101 0
1102 0
1103 1
1104 1
1105 1
1106 0
1107 1
1108 1
1109 0
1110 0
1111 0
1112 1
1113 1
1114 0
1115 0
1116 1
1117 0
1118 0
1119 0
1120 1
1121 1
1122 0
1123 1
1124 1
1125 0
1126 0
1127 1
1128 1
1129 1
1130 0
1131 0
1132 1
1133 0
1134 0
1135 0
1136 1
1137 1
1138 0
1139 1
1140 1
1141 0
1142 0
1143 0
1144 1
1145 1
1146 0
1147 0
1148 1
1149 0
1150 0
1151 1
1152 1
1153 1
1154 0
1155 1
1156 1
1157 0
1158 0
1159 1
1160 1
1161 1
1162 0
1163 0
1164 1
1165 0
1166 0
1167 1
1168 1
1169 1
1170 0
1171 1
1172 1
1173 0
1174 0
1175 0
1176 1
1177 1
1178 0
1179 0
1180 1
1181 0
1182 0
1183 1
1184 1
1185 1
1186 0
1187 1
1188 1
1189 0
1190 0
1191 1
1192 1
1193 1
1194 0
1195 0
1196 1
1197 0
1198 0
1199 0
1200 1
1201 1
1202 0
1203 1
1204 1
1205 0
1206 0
1207 0
1208 1
1209 1
1210 0
1211 0
1212 1
1213 0
1214 0
1215 0
1216 1
1217 1
1218 0
1219 1
1220 1
1221 0
1222 0
1223 1
1224 1
1225 1
1226 0
1227 0
1228 1
1229 0
1230 0
1231 1
1232 1
1233 1
1234 0
1235 1
1236 1
1237 0
1238 0
1239 0
1240 1
1241 1
1242 0
1243 0
1244 1
1245 0
1246 0
1247 0
1248 1
1249 1
1250 0
1251 1
1252 1
1253 0
1254 0
1255 1
1256 1
1257 1
1258 0
1259 0
1260 1
1261 0
1262 0
1263 0
1264 1
1265 1
1266 0
1267 1
1268 1
1269 0
1270 0
1271 0
1272 1
1273 1
1274 0
1275 0
1276 1
1277 0
1278 0
1279 1
1280 1
1281 1
1282 0
1283 1
1284 1
1285 0
1286 0
1287 1
1288 1
1289 1
1290 0
1291 0
1292 1
1293 0
1294 0
1295 1
1296 1
1297 1
1298 0
1299 1
1300 1
1301 0
1302 0
1303 0
1304 1
1305 1
1306 0
1307 0
1308 1
1309 0
1310 0
1311 1
1312 1
1313 1
1314 0
1315 1
1316 1
1317 0
1318 0
1319 1
1320 1
1321 1
1322 0
1323 0
1324 1
1325 0
1326 0
1327 0
1328 1
1329 1
1330 0
1331 1
1332 1
1333 0
1334 0
1335 0
1336 1
1337 1
1338 0
1339 0
1340 1
1341 0
1342 0
1343 1
1344 1
1345 1
1346 0
1347 1
1348 1
1349 0
1350 0
1351 1
1352 1
1353 1
1354 0
1355 0
1356 1
1357 0
1358 0
1359 1
1360 1
1361 1
1362 0
1363 1
1364 1
1365 0
1366 0
1367 0
1368 1
1369 1
1370 0
1371 0
1372 1
1373 0
1374 0
1375 0
1376 1
1377 1
1378 0
1379 1
1380 1
1381 0
1382 0
1383 1
1384 1
1385 1
1386 0
1387 0
1388 1
1389 0
1390 0
1391 0
1392 1
1393 1
1394 0
1395 1
1396 1
1397 0
1398 0
1399 0
1400 1
1401 1
1402 0
1403 0
1404 1
1405 0
1406 0
1407 0
1408 1
1409 1
1410 0
1411 1
1412 1
1413 0
1414 0
1415 1
1416 1
1417 1
1418 0
1419 0
1420 1
1421 0
1422 0
1423 1
1424 1
1425 1
1426 0
1427 1
1428 1
1429 0
1430 0
1431 0
1432 1
1433 1
1434 0
1435 0
1436 1
1437 0
1438 0
1439 1
1440 1
1441 1
1442 0
1443 1
1444 1
1445 0
1446 0
1447 1
1448 1
1449 1
1450 0
1451 0
1452 1
1453 0
1454 0
1455 0
1456 1
1457 1
1458 0
1459 1
1460 1
1461 0
1462 0
1463 0
1464 1
1465 1
1466 0
1467 0
1468 1
1469 0
1470 0
1471 0
1472 1
1473 1
1474 0
1475 1
1476 1
1477 0
1478 0
1479 1
1480 1
1481 1
1482 0
1483 0
1484 1
1485 0
1486 0
1487 1
1488 1
1489 1
1490 0
1491 1
1492 1
1493 0
1494 0
1495 0
1496 1
1497 1
1498 0
1499 0
1500 1
1501 0
1502 0
1503 0
1504 1
1505 1
1506 0
1507 1
1508 1
1509 0
1510 0
1511 1
1512 1
1513 1
1514 0
1515 0
1516 1
1517 0
1518 0
1519 0
1520 1
1521 1
1522 0
1523 1
1524 1
1525 0
1526 0
1527 0
1528 1
1529 1
1530 0
1531 0
1532 1
1533 0
1534 0
1535 0
1536 1
1537 1
1538 0
1539 1
1540 1
1541 0
1542 0
1543 1
1544 1
1545 1
1546 0
1547 0
1548 1
1549 0
1550 0
1551 1
1552 1
1553 1
1554 0
1555 1
1556 1
1557 0
1558 0
1559 0
1560 1
1561 1
1562 0
1563 0
1564 1
1565 0
1566 0
1567 1
1568 1
1569 1
1570 0
1571 1
1572 1
1573 0
1574 0
1575 1
1576 1
1577 1
1578 0
1579 0
1580 1
1581 0
1582 0
1583 0
1584 1
1585 1
1586 0
1587 1
1588 1
1589 0
1590 0
1591 0
1592 1
1593 1
1594 0
1595 0
1596 1
1597 0
1598 0
1599 1
1600 1
1601 1
1602 0
1603 1
1604 1
1605 0
1606 0
1607 1
1608 1
1609 1
1610 0
1611 0
1612 1
1613 0
1614 0
1615 1
1616 1
1617 1
1618 0
1619 1
1620 1
1621 0
1622 0
1623 0
1624 1
1625 1
1626 0
1627 0
1628 1
1629 0
1630 0
1631 0
1632 1
1633 1
1634 0
1635 1
1636 1
1637 0
1638 0
1639 1
1640 1
1641 1
1642 0
1643 0
1644 1
1645 0
1646 0
1647 0
1648 1
1649 1
1650 0
1651 1
1652 1
1653 0
1654 0
1655 0
1656 1
1657 1
1658 0
1659 0
1660 1
1661 0
1662 0
1663 1
1664 1
1665 1
1666 0
1667 1
1668 1
1669 0
1670 0
1671 1
1672 1
1673 1
1674 0
1675 0
1676 1
1677 0
1678 0
1679 1
1680 1
1681 1
1682 0
1683 1
1684 1
1685 0
1686 0
1687 0
1688 1
1689 1
1690 0
1691 0
1692 1
1693 0
1694 0
1695 1
1696 1
1697 1
1698 0
1699 1
1700 1
1701 0
1702 0
1703 1
1704 1
1705 1
1706 0
1707 0
1708 1
1709 0
1710 0
1711 0
1712 1
1713 1
1714 0
1715 1
1716 1
1717 0
1718 0
1719 0
1720 1
1721 1
1722 0
1723 0
1724 1
1725 0
1726 0
1727 0
1728 1
1729 1
1730 0
1731 1
1732 1
1733 0
1734 0
1735 1
1736 1
1737 1
1738 0
1739 0
1740 1
1741 0
1742 0
1743 1
1744 1
1745 1
1746 0
1747 1
1748 1
1749 0
1750 0
1751 0
1752 1
1753 1
1754 0
1755 0
1756 1
1757 0
1758 0
1759 0
1760 1
1761 1
1762 0
1763 1
1764 1
1765 0
1766 0
1767 1
1768 1
1769 1
1770 0
1771 0
1772 1
1773 0
1774 0
1775 0
1776 1
1777 1
1778 0
1779 1
1780 1
1781 0
1782 0
1783 0
1784 1
1785 1
1786 0
1787 0
1788 1
1789 0
1790 0
1791 0
1792 1
1793 1
1794 0
1795 1
1796 1
1797 0
1798 0
1799 1
1800 1
1801 1
1802 0
1803 0
1804 1
1805 0
1806 0
1807 1
1808 1
1809 1
1810 0
1811 1
1812 1
1813 0
1814 0
1815 0
1816 1
1817 1
1818 0
1819 0
1820 1
1821 0
1822 0
1823 1
1824 1
1825 1
1826 0
1827 1
1828 1
1829 0
1830 0
1831 1
1832 1
1833 1
1834 0
1835 0
1836 1
1837 0
1838 0
1839 0
1840 1
1841 1
1842 0
1843 1
1844 1
1845 0
1846 0
1847 0
1848 1
1849 1
1850 0
1851 0
1852 1
1853 0
1854 0
1855 1
1856 1
1857 1
1858 0
1859 1
1860 1
1861 0
1862 0
1863 1
1864 1
1865 1
1866 0
1867 0
1868 1
1869 0
1870 0
1871 1
1872 1
1873 1
1874 0
1875 1
1876 1
1877 0
1878 0
1879 0
1880 1
1881 1
1882 0
1883 0
1884 1
1885 0
1886 0
1887 0
1888 1
1889 1
1890 0
1891 1
1892 1
1893 0
1894 0
1895 1
1896 1
1897 1
1898 0
1899 0
1900 1
1901 0
1902 0
1903 0
1904 1
1905 1
1906 0
1907 1
1908 1
1909 0
1910 0
1911 0
1912 1
1913 1
1914 0
1915 0
1916 1
1917 0
1918 0
1919 0
1920 1
1921 1
1922 0
1923 1
1924 1
1925 0
1926 0
1927 1
1928 1
1929 1
1930 0
1931 0
1932 1
1933 0
1934 0
1935 1
1936 1
1937 1
1938 0
1939 1
1940 1
1941 0
1942 0
1943 0
1944 1
1945 1
1946 0
1947 0
1948 1
1949 0
1950 0
1951 1
1952 1
1953 1
1954 0
1955 1
1956 1
1957 0
1958 0
1959 1
1960 1
1961 1
1962 0
1963 0
1964 1
1965 0
1966 0
1967 0
1968 1
1969 1
1970 0
1971 1
1972 1
1973 0
1974 0
1975 0
1976 1
1977 1
1978 0
1979 0
1980 1
1981 0
1982 0
1983 0
1984 1
1985 1
1986 0
1987 1
1988 1
1989 0
1990 0
1991 1
1992 1
1993 1
1994 0
1995 0
1996 1
1997 0
1998 0
1999 1
2000 1
2001 1
2002 0
2003 1
2004 1
2005 0
2006 0
2007 0
2008 1
2009 1
2010 0
2011 0
2012 1
2013 0
2014 0
2015 0
2016 1
2017 1
2018 0
2019 1
2020 1
2021 0
2022 0
2023 1
2024 1
2025 1
2026 0
2027 0
2028 1
2029 0
2030 0
2031 0
2032 1
2033 1
2034 0
2035 1
2036 1
2037 0
2038 0
2039 0
2040 1
2041 1
2042 0
2043 0
2044 1
2045 0
2046 0
2047 1
2048 1
2049 1
2050 0
2051 1
2052 1
2053 0
2054 0
2055 1
2056 1
2057 1
2058 0
2059 0
2060 1
2061 0
2062 0
2063 1
2064 1
2065 1
2066 0
2067 1
2068 1
2069 0
2070 0
2071 0
2072 1
2073 1
2074 0
2075 0
2076 1
2077 0
2078 0
2079 1
2080 1
2081 1
2082 0
2083 1
2084 1
2085 0
2086 0
2087 1
2088 1
2089 1
2090 0
2091 0
2092 1
2093 0
2094 0
2095 0
2096 1
2097 1
2098 0
2099 1
2100 1
2101 0
2102 0
2103 0
2104 1
2105 1
2106 0
2107 0
2108 1
2109 0
2110 0
2111 1
2112 1
2113 1
2114 0
2115 1
2116 1
2117 0
2118 0
2119 1
2120 1
2121 1
2122 0
2123 0
2124 1
2125 0
2126 0
2127 1
2128 1
2129 1
2130 0
2131 1
2132 1
2133 0
2134 0
2135 0
2136 1
2137 1
2138 0
2139 0
2140 1
2141 0
2142 0
2143 0
2144 1
2145 1
2146 0
2147 1
2148 1
2149 0
2150 0
2151 1
2152 1
2153 1
2154 0
2155 0
2156 1
2157 0
2158 0
2159 0
2160 1
2161 1
2162 0
2163 1
2164 1
2165 0
2166 0
2167 0
2168 1
2169 1
2170 0
2171 0
2172 1
2173 0
2174 0
2175 1
2176 1
2177 1
2178 0
2179 1
2180 1
2181 0
2182 0
2183 1
2184 1
2185 1
2186 0
2187 0
2188 1
2189 0
2190 0
2191 1
2192 1
2193 1
2194 0
2195 1
2196 1
2197 0
2198 0
2199 0
2200 1
2201 1
2202 0
2203 0
2204 1
2205 0
2206 0
2207 1
2208 1
2209 1
2210 0
2211 1
2212 1
2213 0
2214 0
2215 1
2216 1
2217 1
2218 0
2219 0
2220 1
2221 0
2222 0
2223 0
2224 1
2225 1
2226 0
2227 1
2228 1
2229 0
2230 0
2231 0
2232 1
2233 1
2234 0
2235 0
2236 1
2237 0
2238 0
2239 0
2240 1
2241 1
2242 0
2243 1
2244 1
2245 0
2246 0
2247 1
2248 1
2249 1
2250 0
2251 0
2252 1
2253 0
2254 0
2255 1
2256 1
2257 1
2258 0
2259 1
2260 1
2261 0
2262 0
2263 0
2264 1
2265 1
2266 0
2267 0
2268 1
2269 0
2270 0
2271 0
2272 1
2273 1
2274 0
2275 1
2276 1
2277 0
2278 0
2279 1
2280 1
2281 1
2282 0
2283 0
2284 1
2285 0
2286 0
2287 0
2288 1
2289 1
2290 0
2291 1
2292 1
2293 0
2294 0
2295 0
2296 1
2297 1
2298 0
2299 0
2300 1
2301 0
2302 0
2303 1
2304 1
2305 1
2306 0
2307 1
2308 1
2309 0
2310 0
2311 1
2312 1
2313 1
2314 0
2315 0
2316 1
2317 0
2318 0
2319 1
2320 1
2321 1
2322 0
2323 1
2324 1
2325 0
2326 0
2327 0
2328 1
2329 1
2330 0
2331 0
2332 1
2333 0
2334 0
2335 1
2336 1
2337 1
2338 0
2339 1
2340 1
2341 0
2342 0
2343 1
2344 1
2345 1
2346 0
2347 0
2348 1
2349 0
2350 0
2351 0
2352 1
2353 1
2354 0
2355 1
2356 1
2357 0
2358 0
2359 0
2360 1
2361 1
2362 0
2363 0
2364 1
2365 0
2366 0
2367 1
2368 1
2369 1
2370 0
2371 1
2372 1
2373 0
2374 0
2375 1
2376 1
2377 1
2378 0
2379 0
2380 1
2381 0
2382 0
2383 1
2384 1
2385 1
2386 0
2387 1
2388 1
2389 0
2390 0
2391 0
2392 1
2393 1
2394 0
2395 0
2396 1
2397 0
2398 0
2399 0
2400 1
2401 1
2402 0
2403 1
2404 1
2405 0
2406 0
2407 1
2408 1
2409 1
2410 0
2411 0
2412 1
2413 0
2414 0
2415 0
2416 1
2417 1
2418 0
2419 1
2420 1
2421 0
2422 0
2423 0
2424 1
2425 1
2426 0
2427 0
2428 1
2429 0
2430 0
2431 0
2432 1
2433 1
2434 0
2435 1
2436 1
2437 0
2438 0
2439 1
2440 1
2441 1
2442 0
2443 0
2444 1
2445 0
2446 0
2447 1
2448 1
2449 1
2450 0
2451 1
2452 1
2453 0
2454 0
2455 0
2456 1
2457 1
2458 0
2459 0
2460 1
2461 0
2462 0
2463 1
2464 1
2465 1
2466 0
2467 1
2468 1
2469 0
2470 0
2471 1
2472 1
2473 1
2474 0
2475 0
2476 1
2477 0
2478 0
2479 0
2480 1
2481 1
2482 0
2483 1
2484 1
2485 0
2486 0
2487 0
2488 1
2489 1
2490 0
2491 0
2492 1
2493 0
2494 0
2495 0
2496 1
2497 1
2498 0
2499 1
2500 1
2501 0
2502 0
2503 1
2504 1
2505 1
2506 0
2507 0
2508 1
2509 0
2510 0
2511 1
2512 1
2513 1
2514 0
2515 1
2516 1
2517 0
2518 0
2519 0
2520 1
2521 1
2522 0
2523 0
2524 1
2525 0
2526 0
2527 0
2528 1
2529 1
2530 0
2531 1
2532 1
2533 0
2534 0
2535 1
2536 1
2537 1
2538 0
2539 0
2540 1
2541 0
2542 0
2543 0
2544 1
2545 1
2546 0
2547 1
2548 1
2549 0
2550 0
2551 0
2552 1
2553 1
2554 0
2555 0
2556 1
2557 0
2558 0
2559 1
2560 1
2561 1
2562 0
2563 1
2564 1
2565 0
2566 0
2567 1
2568 1
2569 1
2570 0
2571 0
2572 1
2573 0
2574 0
2575 1
2576 1
2577 1
2578 0
2579 1
2580 1
2581 0
2582 0
2583 0
2584 1
2585 1
2586 0
2587 0
2588 1
2589 0
2590 0
2591 1
2592 1
2593 1
2594 0
2595 1
2596 1
2597 0
2598 0
2599 1
2600 1
2601 1
2602 0
2603 0
2604 1
2605 0
2606 0
2607 0
2608 1
2609 1
2610 0
2611 1
2612 1
2613 0
2614 0
2615 0
2616 1
2617 1
2618 0
2619 0
2620 1
2621 0
2622 0
2623 1
2624 1
2625 1
2626 0
2627 1
2628 1
2629 0
2630 0
2631 1
2632 1
2633 1
2634 0
2635 0
2636 1
2637 0
2638 0
2639 1
2640 1
2641 1
2642 0
2643 1
2644 1
2645 0
2646 0
2647 0
2648 1
2649 1
2650 0
2651 0
2652 1
2653 0
2654 0
2655 0
2656 1
2657 1
2658 0
2659 1
2660 1
2661 0
2662 0
2663 1
2664 1
2665 1
2666 0
2667 0
2668 1
2669 0
2670 0
2671 0
2672 1
2673 1
2674 0
2675 1
2676 1
2677 0
2678 0
2679 0
2680 1
2681 1
2682 0
2683 0
2684 1
2685 0
2686 0
2687 1
2688 1
2689 1
2690 0
2691 1
2692 1
2693 0
2694 0
2695 1
2696 1
2697 1
2698 0
2699 0
2700 1
2701 0
2702 0
2703 1
2704 1
2705 1
2706 0
2707 1
2708 1
2709 0
2710 0
2711 0
2712 1
2713 1
2714 0
2715 0
2716 1
2717 0
2718 0
2719 1
2720 1
2721 1
2722 0
2723 1
2724 1
2725 0
2726 0
2727 1
2728 1
2729 1
2730 0
2731 0
2732 1
2733 0
2734 0
2735 0
2736 1
2737 1
2738 0
2739 1
2740 1
2741 0
2742 0
2743 0
2744 1
2745 1
2746 0
2747 0
2748 1
2749 0
2750 0
2751 0
2752 1
2753 1
2754 0
2755 1
2756 1
2757 0
2758 0
2759 1
2760 1
2761 1
2762 0
2763 0
2764 1
2765 0
2766 0
2767 1
2768 1
2769 1
2770 0
2771 1
2772 1
2773 0
2774 0
2775 0
2776 1
2777 1
2778 0
2779 0
2780 1
2781 0
2782 0
2783 0
2784 1
2785 1
2786 0
2787 1
2788 1
2789 0
2790 0
2791 1
2792 1
2793 1
2794 0
2795 0
2796 1
2797 0
2798 0
2799 0
2800 1
2801 1
2802 0
2803 1
2804 1
2805 0
2806 0
2807 0
2808 1
2809 1
2810 0
2811 0
2812 1
2813 0
2814 0
2815 0
2816 1
2817 1
2818 0
2819 1
2820 1
2821 0
2822 0
2823 1
2824 1
2825 1
2826 0
2827 0
2828 1
2829 0
2830 0
2831 1
2832 1
2833 1
2834 0
2835 1
2836 1
2837 0
2838 0
2839 0
2840 1
2841 1
2842 0
2843 0
2844 1
2845 0
2846 0
2847 1
2848 1
2849 1
2850 0
2851 1
2852 1
2853 0
2854 0
2855 1
2856 1
2857 1
2858 0
2859 0
2860 1
2861 0
2862 0
2863 0
2864 1
2865 1
2866 0
2867 1
2868 1
2869 0
2870 0
2871 0
2872 1
2873 1
2874 0
2875 0
2876 1
2877 0
2878 0
2879 1
2880 1
2881 1
2882 0
2883 1
2884 1
2885 0
2886 0
2887 1
2888 1
2889 1
2890 0
2891 0
2892 1
2893 0
2894 0
2895 1
2896 1
2897 1
2898 0
2899 1
2900 1
2901 0
2902 0
2903 0
2904 1
2905 1
2906 0
2907 0
2908 1
2909 0
2910 0
2911 0
2912 1
2913 1
2914 0
2915 1
2916 1
2917 0
2918 0
2919 1
2920 1
2921 1
2922 0
2923 0
2924 1
2925 0
2926 0
2927 0
2928 1
2929 1
2930 0
2931 1
2932 1
2933 0
2934 0
2935 0
2936 1
2937 1
2938 0
2939 0
2940 1
2941 0
2942 0
2943 0
2944 1
2945 1
2946 0
2947 1
2948 1
2949 0
2950 0
2951 1
2952 1
2953 1
2954 0
2955 0
2956 1
2957 0
2958 0
2959 1
2960 1
2961 1
2962 0
2963 1
2964 1
2965 0
2966 0
2967 0
2968 1
2969 1
2970 0
2971 0
2972 1
2973 0
2974 0
2975 1
2976 1
2977 1
2978 0
2979 1
2980 1
2981 0
2982 0
2983 1
2984 1
2985 1
2986 0
2987 0
2988 1
2989 0
2990 0
2991 0
2992 1
2993 1
2994 0
2995 1
2996 1
2997 0
2998 0
2999 0
3000 1
3001 1
3002 0
3003 0
3004 1
3005 0
3006 0
3007 0
3008 1
3009 1
3010 0
3011 1
3012 1
3013 0
3014 0
3015 1
3016 1
3017 1
3018 0
3019 0
3020 1
3021 0
3022 0
3023 1
3024 1
3025 1
3026 0
3027 1
3028 1
3029 0
3030 0
3031 0
3032 1
3033 1
3034 0
3035 0
3036 1
3037 0
3038 0
3039 0
3040 1
3041 1
3042 0
3043 1
3044 1
3045 0
3046 0
3047 1
3048 1
3049 1
3050 0
3051 0
3052 1
3053 0
3054 0
3055 0
3056 1
3057 1
3058 0
3059 1
3060 1
3061 0
3062 0
3063 0
3064 1
3065 1
3066 0
3067 0
3068 1
3069 0
3070 0
3071 0
3072 1
3073 1
3074 0
3075 1
3076 1
3077 0
3078 0
3079 1
3080 1
3081 1
3082 0
3083 0
3084 1
3085 0
3086 0
3087 1
3088 1
3089 1
3090 0
3091 1
3092 1
3093 0
3094 0
3095 0
3096 1
3097 1
3098 0
3099 0
3100 1
3101 0
3102 0
3103 1
3104 1
3105 1
3106 0
3107 1
3108 1
3109 0
3110 0
3111 1
3112 1
3113 1
3114 0
3115 0
3116 1
3117 0
3118 0
3119 0
3120 1
3121 1
3122 0
3123 1
3124 1
3125 0
3126 0
3127 0
3128 1
3129 1
3130 0
3131 0
3132 1
3133 0
3134 0
3135 1
3136 1
3137 1
3138 0
3139 1
3140 1
3141 0
3142 0
3143 1
3144 1
3145 1
3146 0
3147 0
3148 1
3149 0
3150 0
3151 1
3152 1
3153 1
3154 0
3155 1
3156 1
3157 0
3158 0
3159 0
3160 1
3161 1
3162 0
3163 0
3164 1
3165 0
3166 0
3167 0
3168 1
3169 1
3170 0
3171 1
3172 1
3173 0
3174 0
3175 1
3176 1
3177 1
3178 0
3179 0
3180 1
3181 0
3182 0
3183 0
3184 1
3185 1
3186 0
3187 1
3188 1
3189 0
3190 0
3191 0
3192 1
3193 1
3194 0
3195 0
3196 1
3197 0
3198 0
3199 1
3200 1
3201 1
3202 0
3203 1
3204 1
3205 0
3206 0
3207 1
3208 1
3209 1
3210 0
3211 0
3212 1
3213 0
3214 0
3215 1
3216 1
3217 1
3218 0
3219 1
3220 1
3221 0
3222 0
3223 0
3224 1
3225 1
3226 0
3227 0
3228 1
3229 0
3230 0
3231 1
3232 1
3233 1
3234 0
3235 1
3236 1
3237 0
3238 0
3239 1
3240 1
3241 1
3242 0
3243 0
3244 1
3245 0
3246 0
3247 0
3248 1
3249 1
3250 0
3251 1
3252 1
3253 0
3254 0
3255 0
3256 1
3257 1
3258 0
3259 0
3260 1
3261 0
3262 0
3263 0
3264 1
3265 1
3266 0
3267 1
3268 1
3269 0
3270 0
3271 1
3272 1
3273 1
3274 0
3275 0
3276 1
3277 0
3278 0
3279 1
3280 1
3281 1
3282 0
3283 1
3284 1
3285 0
3286 0
3287 0
3288 1
3289 1
3290 0
3291 0
3292 1
3293 0
3294 0
3295 0
3296 1
3297 1
3298 0
3299 1
3300 1
3301 0
3302 0
3303 1
3304 1
3305 1
3306 0
3307 0
3308 1
3309 0
3310 0
3311 0
3312 1
3313 1
3314 0
3315 1
3316 1
3317 0
3318 0
3319 0
3320 1
3321 1
3322 0
3323 0
3324 1
3325 0
3326 0
3327 1
3328 1
3329 1
3330 0
3331 1
3332 1
3333 0
3334 0
3335 1
3336 1
3337 1
3338 0
3339 0
3340 1
3341 0
3342 0
3343 1
3344 1
3345 1
3346 0
3347 1
3348 1
3349 0
3350 0
3351 0
3352 1
3353 1
3354 0
3355 0
3356 1
3357 0
3358 0
3359 1
3360 1
3361 1
3362 0
3363 1
3364 1
3365 0
3366 0
3367 1
3368 1
3369 1
3370 0
3371 0
3372 1
3373 0
3374 0
3375 0
3376 1
3377 1
3378 0
3379 1
3380 1
3381 0
3382 0
3383 0
3384 1
3385 1
3386 0
3387 0
3388 1
3389 0
3390 0
3391 1
3392 1
3393 1
3394 0
3395 1
3396 1
3397 0
3398 0
3399 1
3400 1
3401 1
3402 0
3403 0
3404 1
3405 0
3406 0
3407 1
3408 1
3409 1
3410 0
3411 1
3412 1
3413 0
3414 0
3415 0
3416 1
3417 1
3418 0
3419 0
3420 1
3421 0
3422 0
3423 0
3424 1
3425 1
3426 0
3427 1
3428 1
3429 0
3430 0
3431 1
3432 1
3433 1
3434 0
3435 0
3436 1
3437 0
3438 0
3439 0
3440 1
3441 1
3442 0
3443 1
3444 1
3445 0
3446 0
3447 0
3448 1
3449 1
3450 0
3451 0
3452 1
3453 0
3454 0
3455 0
3456 1
3457 1
3458 0
3459 1
3460 1
3461 0
3462 0
3463 1
3464 1
3465 1
3466 0
3467 0
3468 1
3469 0
3470 0
3471 1
3472 1
3473 1
3474 0
3475 1
3476 1
3477 0
3478 0
3479 0
3480 1
3481 1
3482 0
3483 0
3484 1
3485 0
3486 0
3487 1
3488 1
3489 1
3490 0
3491 1
3492 1
3493 0
3494 0
3495 1
3496 1
3497 1
3498 0
3499 0
3500 1
3501 0
3502 0
3503 0
3504 1
3505 1
3506 0
3507 1
3508 1
3509 0
3510 0
3511 0
3512 1
3513 1
3514 0
3515 0
3516 1
3517 0
3518 0
3519 0
3520 1
3521 1
3522 0
3523 1
3524 1
3525 0
3526 0
3527 1
3528 1
3529 1
3530 0
3531 0
3532 1
3533 0
3534 0
3535 1
3536 1
3537 1
3538 0
3539 1
3540 1
3541 0
3542 0
3543 0
3544 1
3545 1
3546 0
3547 0
3548 1
3549 0
3550 0
3551 0
3552 1
3553 1
3554 0
3555 1
3556 1
3557 0
3558 0
3559 1
3560 1
3561 1
3562 0
3563 0
3564 1
3565 0
3566 0
3567 0
3568 1
3569 1
3570 0
3571 1
3572 1
3573 0
3574 0
3575 0
3576 1
3577 1
3578 0
3579 0
3580 1
3581 0
3582 0
3583 0
3584 1
3585 1
3586 0
3587 1
3588 1
3589 0
3590 0
3591 1
3592 1
3593 1
3594 0
3595 0
3596 1
3597 0
3598 0
3599 1
3600 1
3601 1
3602 0
3603 1
3604 1
3605 0
3606 0
3607 0
3608 1
3609 1
3610 0
3611 0
3612 1
3613 0
3614 0
3615 1
3616 1
3617 1
3618 0
3619 1
3620 1
3621 0
3622 0
3623 1
3624 1
3625 1
3626 0
3627 0
3628 1
3629 0
3630 0
3631 0
3632 1
3633 1
3634 0
3635 1
3636 1
3637 0
3638 0
3639 0
3640 1
3641 1
3642 0
3643 0
3644 1
3645 0
3646 0
3647 1
3648 1
3649 1
3650 0
3651 1
3652 1
3653 0
3654 0
3655 1
3656 1
3657 1
3658 0
3659 0
3660 1
3661 0
3662 0
3663 1
3664 1
3665 1
3666 0
3667 1
3668 1
3669 0
3670 0
3671 0
3672 1
3673 1
3674 0
3675 0
3676 1
3677 0
3678 0
3679 0
3680 1
3681 1
3682 0
3683 1
3684 1
3685 0
3686 0
3687 1
3688 1
3689 1
3690 0
3691 0
3692 1
3693 0
3694 0
3695 0
3696 1
3697 1
3698 0
3699 1
3700 1
3701 0
3702 0
3703 0
3704 1
3705 1
3706 0
3707 0
3708 1
3709 0
3710 0
3711 1
3712 1
3713 1
3714 0
3715 1
3716 1
3717 0
3718 0
3719 1
3720 1
3721 1
3722 0
3723 0
3724 1
3725 0
3726 0
3727 1
3728 1
3729 1
3730 0
3731 1
3732 1
3733 0
3734 0
3735 0
3736 1
3737 1
3738 0
3739 0
3740 1
3741 0
3742 0
3743 1
3744 1
3745 1
3746 0
3747 1
3748 1
3749 0
3750 0
3751 1
3752 1
3753 1
3754 0
3755 0
3756 1
3757 0
3758 0
3759 0
3760 1
3761 1
3762 0
3763 1
3764 1
3765 0
3766 0
3767 0
3768 1
3769 1
3770 0
3771 0
3772 1
3773 0
3774 0
3775 0
3776 1
3777 1
3778 0
3779 1
3780 1
3781 0
3782 0
3783 1
3784 1
3785 1
3786 0
3787 0
3788 1
3789 0
3790 0
3791 1
3792 1
3793 1
3794 0
3795 1
3796 1
3797 0
3798 0
3799 0
3800 1
3801 1
3802 0
3803 0
3804 1
3805 0
3806 0
3807 0
3808 1
3809 1
3810 0
3811 1
3812 1
3813 0
3814 0
3815 1
3816 1
3817 1
3818 0
3819 0
3820 1
3821 0
3822 0
3823 0
3824 1
3825 1
3826 0
3827 1
3828 1
3829 0
3830 0
3831 0
3832 1
3833 1
3834 0
3835 0
3836 1
3837 0
3838 0
3839 0
3840 1
3841 1
3842 0
3843 1
3844 1
3845 0
3846 0
3847 1
3848 1
3849 1
3850 0
3851 0
3852 1
3853 0
3854 0
3855 1
3856 1
3857 1
3858 0
3859 1
3860 1
3861 0
3862 0
3863 0
3864 1
3865 1
3866 0
3867 0
3868 1
3869 0
3870 0
3871 1
3872 1
3873 1
3874 0
3875 1
3876 1
3877 0
3878 0
3879 1
3880 1
3881 1
3882 0
3883 0
3884 1
3885 0
3886 0
3887 0
3888 1
3889 1
3890 0
3891 1
3892 1
3893 0
3894 0
3895 0
3896 1
3897 1
3898 0
3899 0
3900 1
3901 0
3902 0
3903 1
3904 1
3905 1
3906 0
3907 1
3908 1
3909 0
3910 0
3911 1
3912 1
3913 1
3914 0
3915 0
3916 1
3917 0
3918 0
3919 1
3920 1
3921 1
3922 0
3923 1
3924 1
3925 0
3926 0
3927 0
3928 1
3929 1
3930 0
3931 0
3932 1
3933 0
3934 0
3935 0
3936 1
3937 1
3938 0
3939 1
3940 1
3941 0
3942 0
3943 1
3944 1
3945 1
3946 0
3947 0
3948 1
3949 0
3950 0
3951 0
3952 1
3953 1
3954 0
3955 1
3956 1
3957 0
3958 0
3959 0
3960 1
3961 1
3962 0
3963 0
3964 1
3965 0
3966 0
3967 0
3968 1
3969 1
3970 0
3971 1
3972 1
3973 0
3974 0
3975 1
3976 1
3977 1
3978 0
3979 0
3980 1
3981 0
3982 0
3983 1
3984 1
3985 1
3986 0
3987 1
3988 1
3989 0
3990 0
3991 0
3992 1
3993 1
3994 0
3995 0
3996 1
3997 0
3998 0
3999 1
4000 1
4001 1
4002 0
4003 1
4004 1
4005 0
4006 0
4007 1
4008 1
4009 1
4010 0
4011 0
4012 1
4013 0
4014 0
4015 0
4016 1
4017 1
4018 0
4019 1
4020 1
4021 0
4022 0
4023 0
4024 1
4025 1
4026 0
4027 0
4028 1
4029 0
4030 0
4031 0
4032 1
4033 1
4034 0
4035 1
4036 1
4037 0
4038 0
4039 1
4040 1
4041 1
4042 0
4043 0
4044 1
4045 0
4046 0
4047 1
4048 1
4049 1
4050 0
4051 1
4052 1
4053 0
4054 0
4055 0
4056 1
4057 1
4058 0
4059 0
4060 1
4061 0
4062 0
4063 0
4064 1
4065 1
4066 0
4067 1
4068 1
4069 0
4070 0
4071 1
4072 1
4073 1
4074 0
4075 0
4076 1
4077 0
4078 0
4079 0
4080 1
4081 1
4082 0
4083 1
4084 1
4085 0
4086 0
4087 0
4088 1
4089 1
4090 0
4091 0
4092 1
4093 0
4094 0
4095 1
4096 1
4097 1
4098 0
4099 1
4100 1
4101 0
4102 0
4103 1
4104 1
4105 1
4106 0
4107 0
4108 1
4109 0
4110 0
4111 1
4112 1
4113 1
4114 0
4115 1
4116 1
4117 0
4118 0
4119 0
4120 1
4121 1
4122 0
4123 0
4124 1
4125 0
4126 0
4127 1
4128 1
4129 1
4130 0
4131 1
4132 1
4133 0
4134 0
4135 1
4136 1
4137 1
4138 0
4139 0
4140 1
4141 0
4142 0
4143 0
4144 1
4145 1
4146 0
4147 1
4148 1
4149 0
4150 0
4151 0
4152 1
4153 1
4154 0
4155 0
4156 1
4157 0
4158 0
4159 1
4160 1
4161 1
4162 0
4163 1
4164 1
4165 0
4166 0
4167 1
4168 1
4169 1
4170 0
4171 0
4172 1
4173 0
4174 0
4175 1
4176 1
4177 1
4178 0
4179 1
4180 1
4181 0
4182 0
4183 0
4184 1
4185 1
4186 0
4187 0
4188 1
4189 0
4190 0
4191 0
4192 1
4193 1
4194 0
4195 1
4196 1
4197 0
4198 0
4199 1
4200 1
4201 1
4202 0
4203 0
4204 1
4205 0
4206 0
4207 0
4208 1
4209 1
4210 0
4211 1
4212 1
4213 0
4214 0
4215 0
4216 1
4217 1
4218 0
4219 0
4220 1
4221 0
4222 0
4223 1
4224 1
4225 1
4226 0
4227 1
4228 1
4229 0
4230 0
4231 1
4232 1
4233 1
4234 0
4235 0
4236 1
4237 0
4238 0
4239 1
4240 1
4241 1
4242 0
4243 1
4244 1
4245 0
4246 0
4247 0
4248 1
4249 1
4250 0
4251 0
4252 1
4253 0
4254 0
4255 1
4256 1
4257 1
4258 0
4259 1
4260 1
4261 0
4262 0
4263 1
4264 1
4265 1
4266 0
4267 0
4268 1
4269 0
4270 0
4271 0
4272 1
4273 1
4274 0
4275 1
4276 1
4277 0
4278 0
4279 0
4280 1
4281 1
4282 0
4283 0
4284 1
4285 0
4286 0
4287 0
4288 1
4289 1
4290 0
4291 1
4292 1
4293 0
4294 0
4295 1
4296 1
4297 1
4298 0
4299 0
4300 1
4301 0
4302 0
4303 1
4304 1
4305 1
4306 0
4307 1
4308 1
4309 0
4310 0
4311 0
4312 1
4313 1
4314 0
4315 0
4316 1
4317 0
4318 0
4319 0
4320 1
4321 1
4322 0
4323 1
4324 1
4325 0
4326 0
4327 1
4328 1
4329 1
4330 0
4331 0
4332 1
4333 0
4334 0
4335 0
4336 1
4337 1
4338 0
4339 1
4340 1
4341 0
4342 0
4343 0
4344 1
4345 1
4346 0
4347 0
4348 1
4349 0
4350 0
4351 1
4352 1
4353 1
4354 0
4355 1
4356 1
4357 0
4358 0
4359 1
4360 1
4361 1
4362 0
4363 0
4364 1
4365 0
4366 0
4367 1
4368 1
4369 1
4370 0
4371 1
4372 1
4373 0
4374 0
4375 0
4376 1
4377 1
4378 0
4379 0
4380 1
4381 0
4382 0
4383 1
4384 1
4385 1
4386 0
4387 1
4388 1
4389 0
4390 0
4391 1
4392 1
4393 1
4394 0
4395 0
4396 1
4397 0
4398 0
4399 0
4400 1
4401 1
4402 0
4403 1
4404 1
4405 0
4406 0
4407 0
4408 1
4409 1
4410 0
4411 0
4412 1
4413 0
4414 0
4415 1
4416 1
4417 1
4418 0
4419 1
4420 1
4421 0
4422 0
4423 1
4424 1
4425 1
4426 0
4427 0
4428 1
4429 0
4430 0
4431 1
4432 1
4433 1
4434 0
4435 1
4436 1
4437 0
4438 0
4439 0
4440 1
4441 1
4442 0
4443 0
4444 1
4445 0
4446 0
4447 0
4448 1
4449 1
4450 0
4451 1
4452 1
4453 0
4454 0
4455 1
4456 1
4457 1
4458 0
4459 0
4460 1
4461 0
4462 0
4463 0
4464 1
4465 1
4466 0
4467 1
4468 1
4469 0
4470 0
4471 0
4472 1
4473 1
4474 0
4475 0
4476 1
4477 0
4478 0
4479 0
4480 1
4481 1
4482 0
4483 1
4484 1
4485 0
4486 0
4487 1
4488 1
4489 1
4490 0
4491 0
4492 1
4493 0
4494 0
4495 1
4496 1
4497 1
4498 0
4499 1
4500 1
4501 0
4502 0
4503 0
4504 1
4505 1
4506 0
4507 0
4508 1
4509 0
4510 0
4511 1
4512 1
4513 1
4514 0
4515 1
4516 1
4517 0
4518 0
4519 1
4520 1
4521 1
4522 0
4523 0
4524 1
4525 0
4526 0
4527 0
4528 1
4529 1
4530 0
4531 1
4532 1
4533 0
4534 0
4535 0
4536 1
4537 1
4538 0
4539 0
4540 1
4541 0
4542 0
4543 0
4544 1
4545 1
4546 0
4547 1
4548 1
4549 0
4550 0
4551 1
4552 1
4553 1
4554 0
4555 0
4556 1
4557 0
4558 0
4559 1
4560 1
4561 1
4562 0
4563 1
4564 1
4565 0
4566 0
4567 0
4568 1
4569 1
4570 0
4571 0
4572 1
4573 0
4574 0
4575 0
4576 1
4577 1
4578 0
4579 1
4580 1
4581 0
4582 0
4583 1
4584 1
4585 1
4586 0
4587 0
4588 1
4589 0
4590 0
4591 0
4592 1
4593 1
4594 0
4595 1
4596 1
4597 0
4598 0
4599 0
4600 1
4601 1
4602 0
4603 0
4604 1
4605 0
4606 0
4607 1
4608 1
4609 1
4610 0
4611 1
4612 1
4613 0
4614 0
4615 1
4616 1
4617 1
4618 0
4619 0
4620 1
4621 0
4622 0
4623 1
4624 1
4625 1
4626 0
4627 1
4628 1
4629 0
4630 0
4631 0
4632 1
4633 1
4634 0
4635 0
4636 1
4637 0
4638 0
4639 1
4640 1
4641 1
4642 0
4643 1
4644 1
4645 0
4646 0
4647 1
4648 1
4649 1
4650 0
4651 0
4652 1
4653 0
4654 0
4655 0
4656 1
4657 1
4658 0
4659 1
4660 1
4661 0
4662 0
4663 0
4664 1
4665 1
4666 0
4667 0
4668 1
4669 0
4670 0
4671 1
4672 1
4673 1
4674 0
4675 1
4676 1
4677 0
4678 0
4679 1
4680 1
4681 1
4682 0
4683 0
4684 1
4685 0
4686 0
4687 1
4688 1
4689 1
4690 0
4691 1
4692 1
4693 0
4694 0
4695 0
4696 1
4697 1
4698 0
4699 0
4700 1
4701 0
4702 0
4703 0
4704 1
4705 1
4706 0
4707 1
4708 1
4709 0
4710 0
4711 1
4712 1
4713 1
4714 0
4715 0
4716 1
4717 0
4718 0
4719 0
4720 1
4721 1
4722 0
4723 1
4724 1
4725 0
4726 0
4727 0
4728 1
4729 1
4730 0
4731 0
4732 1
4733 0
4734 0
4735 1
4736 1
4737 1
4738 0
4739 1
4740 1
4741 0
4742 0
4743 1
4744 1
4745 1
4746 0
4747 0
4748 1
4749 0
4750 0
4751 1
4752 1
4753 1
4754 0
4755 1
4756 1
4757 0
4758 0
4759 0
4760 1
4761 1
4762 0
4763 0
4764 1
4765 0
4766 0
4767 1
4768 1
4769 1
4770 0
4771 1
4772 1
4773 0
4774 0
4775 1
4776 1
4777 1
4778 0
4779 0
4780 1
4781 0
4782 0
4783 0
4784 1
4785 1
4786 0
4787 1
4788 1
4789 0
4790 0
4791 0
4792 1
4793 1
4794 0
4795 0
4796 1
4797 0
4798 0
4799 0
4800 1
4801 1
4802 0
4803 1
4804 1
4805 0
4806 0
4807 1
4808 1
4809 1
4810 0
4811 0
4812 1
4813 0
4814 0
4815 1
4816 1
4817 1
4818 0
4819 1
4820 1
4821 0
4822 0
4823 0
4824 1
4825 1
4826 0
4827 0
4828 1
4829 0
4830 0
4831 0
4832 1
4833 1
4834 0
4835 1
4836 1
4837 0
4838 0
4839 1
4840 1
4841 1
4842 0
4843 0
4844 1
4845 0
4846 0
4847 0
4848 1
4849 1
4850 0
4851 1
4852 1
4853 0
4854 0
4855 0
4856 1
4857 1
4858 0
4859 0
4860 1
4861 0
4862 0
4863 0
4864 1
4865 1
4866 0
4867 1
4868 1
4869 0
4870 0
4871 1
4872 1
4873 1
4874 0
4875 0
4876 1
4877 0
4878 0
4879 1
4880 1
4881 1
4882 0
4883 1
4884 1
4885 0
4886 0
4887 0
4888 1
4889 1
4890 0
4891 0
4892 1
4893 0
4894 0
4895 1
4896 1
4897 1
4898 0
4899 1
4900 1
4901 0
4902 0
4903 1
4904 1
4905 1
4906 0
4907 0
4908 1
4909 0
4910 0
4911 0
4912 1
4913 1
4914 0
4915 1
4916 1
4917 0
4918 0
4919 0
4920 1
4921 1
4922 0
4923 0
4924 1
4925 0
4926 0
4927 1
4928 1
4929 1
4930 0
4931 1
4932 1
4933 0
4934 0
4935 1
4936 1
4937 1
4938 0
4939 0
4940 1
4941 0
4942 0
4943 1
4944 1
4945 1
4946 0
4947 1
4948 1
4949 0
4950 0
4951 0
4952 1
4953 1
4954 0
4955 0
4956 1
4957 0
4958 0
4959 0
4960 1
4961 1
4962 0
4963 1
4964 1
4965 0
4966 0
4967 1
4968 1
4969 1
4970 0
4971 0
4972 1
4973 0
4974 0
4975 0
4976 1
4977 1
4978 0
4979 1
4980 1
4981 0
4982 0
4983 0
4984 1
4985 1
4986 0
4987 0
4988 1
4989 0
4990 0
4991 0
4992 1
4993 1
4994 0
4995 1
4996 1
4997 0
4998 0
4999 1
5000 1
5001 1
5002 0
5003 0
5004 1
5005 0
5006 0
5007 1
5008 1
5009 1
5010 0
5011 1
5012 1
5013 0
5014 0
5015 0
5016 1
5017 1
5018 0
5019 0
5020 1
5021 0
5022 0
5023 1
5024 1
5025 1
5026 0
5027 1
5028 1
5029 0
5030 0
5031 1
5032 1
5033 1
5034 0
5035 0
5036 1
5037 0
5038 0
5039 0
5040 1
5041 1
5042 0
5043 1
5044 1
5045 0
5046 0
5047 0
5048 1
5049 1
5050 0
5051 0
5052 1
5053 0
5054 0
5055 0
5056 1
5057 1
5058 0
5059 1
5060 1
5061 0
5062 0
5063 1
5064 1
5065 1
5066 0
5067 0
5068 1
5069 0
5070 0
5071 1
5072 1
5073 1
5074 0
5075 1
5076 1
5077 0
5078 0
5079 0
5080 1
5081 1
5082 0
5083 0
5084 1
5085 0
5086 0
5087 0
5088 1
5089 1
5090 0
5091 1
5092 1
5093 0
5094 0
5095 1
5096 1
5097 1
5098 0
5099 0
5100 1
5101 0
5102 0
5103 0
5104 1
5105 1
5106 0
5107 1
5108 1
5109 0
5110 0
5111 0
5112 1
5113 1
5114 0
5115 0
5116 1
5117 0
5118 0
5119 1
5120 1
5121 1
5122 0
5123 1
5124 1
5125 0
5126 0
5127 1
5128 1
5129 1
5130 0
5131 0
5132 1
5133 0
5134 0
5135 1
5136 1
5137 1
5138 0
5139 1
5140 1
5141 0
5142 0
5143 0
5144 1
5145 1
5146 0
5147 0
5148 1
5149 0
5150 0
5151 1
5152 1
5153 1
5154 0
5155 1
5156 1
5157 0
5158 0
5159 1
5160 1
5161 1
5162 0
5163 0
5164 1
5165 0
5166 0
5167 0
5168 1
5169 1
5170 0
5171 1
5172 1
5173 0
5174 0
5175 0
5176 1
5177 1
5178 0
5179 0
5180 1
5181 0
5182 0
5183 1
5184 1
5185 1
5186 0
5187 1
5188 1
5189 0
5190 0
5191 1
5192 1
5193 1
5194 0
5195 0
5196 1
5197 0
5198 0
5199 1
5200 1
5201 1
5202 0
5203 1
5204 1
5205 0
5206 0
5207 0
5208 1
5209 1
5210 0
5211 0
5212 1
5213 0
5214 0
5215 0
5216 1
5217 1
5218 0
5219 1
5220 1
5221 0
5222 0
5223 1
5224 1
5225 1
5226 0
5227 0
5228 1
5229 0
5230 0
5231 0
5232 1
5233 1
5234 0
5235 1
5236 1
5237 0
5238 0
5239 0
5240 1
5241 1
5242 0
5243 0
5244 1
5245 0
5246 0
5247 1
5248 1
5249 1
5250 0
5251 1
5252 1
5253 0
5254 0
5255 1
5256 1
5257 1
5258 0
5259 0
5260 1
5261 0
5262 0
5263 1
5264 1
5265 1
5266 0
5267 1
5268 1
5269 0
5270 0
5271 0
5272 1
5273 1
5274 0
5275 0
5276 1
5277 0
5278 0
5279 1
5280 1
5281 1
5282 0
5283 1
5284 1
5285 0
5286 0
5287 1
5288 1
5289 1
5290 0
5291 0
5292 1
5293 0
5294 0
5295 0
5296 1
5297 1
5298 0
5299 1
5300 1
5301 0
5302 0
5303 0
5304 1
5305 1
5306 0
5307 0
5308 1
5309 0
5310 0
5311 0
5312 1
5313 1
5314 0
5315 1
5316 1
5317 0
5318 0
5319 1
5320 1
5321 1
5322 0
5323 0
5324 1
5325 0
5326 0
5327 1
5328 1
5329 1
5330 0
5331 1
5332 1
5333 0
5334 0
5335 0
5336 1
5337 1
5338 0
5339 0
5340 1
5341 0
5342 0
5343 0
5344 1
5345 1
5346 0
5347 1
5348 1
5349 0
5350 0
5351 1
5352 1
5353 1
5354 0
5355 0
5356 1
5357 0
5358 0
5359 0
5360 1
5361 1
5362 0
5363 1
5364 1
5365 0
5366 0
5367 0
5368 1
5369 1
5370 0
5371 0
5372 1
5373 0
5374 0
5375 1
5376 1
5377 1
5378 0
5379 1
5380 1
5381 0
5382 0
5383 1
5384 1
5385 1
5386 0
5387 0
5388 1
5389 0
5390 0
5391 1
5392 1
5393 1
5394 0
5395 1
5396 1
5397 0
5398 0
5399 0
5400 1
5401 1
5402 0
5403 0
5404 1
5405 0
5406 0
5407 1
5408 1
5409 1
5410 0
5411 1
5412 1
5413 0
5414 0
5415 1
5416 1
5417 1
5418 0
5419 0
5420 1
5421 0
5422 0
5423 0
5424 1
5425 1
5426 0
5427 1
5428 1
5429 0
5430 0
5431 0
5432 1
5433 1
5434 0
5435 0
5436 1
5437 0
5438 0
5439 1
5440 1
5441 1
5442 0
5443 1
5444 1
5445 0
5446 0
5447 1
5448 1
5449 1
5450 0
5451 0
5452 1
5453 0
5454 0
5455 1
5456 1
5457 1
5458 0
5459 1
5460 1
5461 0
5462 0
5463 0
5464 1
5465 1
5466 0
5467 0
5468 1
5469 0
5470 0
5471 0
5472 1
5473 1
5474 0
5475 1
5476 1
5477 0
5478 0
5479 1
5480 1
5481 1
5482 0
5483 0
5484 1
5485 0
5486 0
5487 0
5488 1
5489 1
5490 0
5491 1
5492 1
5493 0
5494 0
5495 0
5496 1
5497 1
5498 0
5499 0
5500 1
5501 0
5502 0
5503 0
5504 1
5505 1
5506 0
5507 1
5508 1
5509 0
5510 0
5511 1
5512 1
5513 1
5514 0
5515 0
5516 1
5517 0
5518 0
5519 1
5520 1
5521 1
5522 0
5523 1
5524 1
5525 0
5526 0
5527 0
5528 1
5529 1
5530 0
5531 0
5532 1
5533 0
5534 0
5535 1
5536 1
5537 1
5538 0
5539 1
5540 1
5541 0
5542 0
5543 1
5544 1
5545 1
5546 0
5547 0
5548 1
5549 0
5550 0
5551 0
5552 1
5553 1
5554 0
5555 1
5556 1
5557 0
5558 0
5559 0
5560 1
5561 1
5562 0
5563 0
5564 1
5565 0
5566 0
5567 0
5568 1
5569 1
5570 0
5571 1
5572 1
5573 0
5574 0
5575 1
5576 1
5577 1
5578 0
5579 0
5580 1
5581 0
5582 0
5583 1
5584 1
5585 1
5586 0
5587 1
5588 1
5589 0
5590 0
5591 0
5592 1
5593 1
5594 0
5595 0
5596 1
5597 0
5598 0
5599 0
5600 1
5601 1
5602 0
5603 1
5604 1
5605 0
5606 0
5607 1
5608 1
5609 1
5610 0
5611 0
5612 1
5613 0
5614 0
5615 0
5616 1
5617 1
5618 0
5619 1
5620 1
5621 0
5622 0
5623 0
5624 1
5625 1
5626 0
5627 0
5628 1
5629 0
5630 0
5631 0
5632 1
5633 1
5634 0
5635 1
5636 1
5637 0
5638 0
5639 1
5640 1
5641 1
5642 0
5643 0
5644 1
5645 0
5646 0
5647 1
5648 1
5649 1
5650 0
5651 1
5652 1
5653 0
5654 0
5655 0
5656 1
5657 1
5658 0
5659 0
5660 1
5661 0
5662 0
5663 1
5664 1
5665 1
5666 0
5667 1
5668 1
5669 0
5670 0
5671 1
5672 1
5673 1
5674 0
5675 0
5676 1
5677 0
5678 0
5679 0
5680 1
5681 1
5682 0
5683 1
5684 1
5685 0
5686 0
5687 0
5688 1
5689 1
5690 0
5691 0
5692 1
5693 0
5694 0
5695 1
5696 1
5697 1
5698 0
5699 1
5700 1
5701 0
5702 0
5703 1
5704 1
5705 1
5706 0
5707 0
5708 1
5709 0
5710 0
5711 1
5712 1
5713 1
5714 0
5715 1
5716 1
5717 0
5718 0
5719 0
5720 1
5721 1
5722 0
5723 0
5724 1
5725 0
5726 0
5727 0
5728 1
5729 1
5730 0
5731 1
5732 1
5733 0
5734 0
5735 1
5736 1
5737 1
5738 0
5739 0
5740 1
5741 0
5742 0
5743 0
5744 1
5745 1
5746 0
5747 1
5748 1
5749 0
5750 0
5751 0
5752 1
5753 1
5754 0
5755 0
5756 1
5757 0
5758 0
5759 1
5760 1
5761 1
5762 0
5763 1
5764 1
5765 0
5766 0
5767 1
5768 1
5769 1
5770 0
5771 0
5772 1
5773 0
5774 0
5775 1
5776 1
5777 1
5778 0
5779 1
5780 1
5781 0
5782 0
5783 0
5784 1
5785 1
5786 0
5787 0
5788 1
5789 0
5790 0
5791 1
5792 1
5793 1
5794 0
5795 1
5796 1
5797 0
5798 0
5799 1
5800 1
5801 1
5802 0
5803 0
5804 1
5805 0
5806 0
5807 0
5808 1
5809 1
5810 0
5811 1
5812 1
5813 0
5814 0
5815 0
5816 1
5817 1
5818 0
5819 0
5820 1
5821 0
5822 0
5823 0
5824 1
5825 1
5826 0
5827 1
5828 1
5829 0
5830 0
5831 1
5832 1
5833 1
5834 0
5835 0
5836 1
5837 0
5838 0
5839 1
5840 1
5841 1
5842 0
5843 1
5844 1
5845 0
5846 0
5847 0
5848 1
5849 1
5850 0
5851 0
5852 1
5853 0
5854 0
5855 0
5856 1
5857 1
5858 0
5859 1
5860 1
5861 0
5862 0
5863 1
5864 1
5865 1
5866 0
5867 0
5868 1
5869 0
5870 0
5871 0
5872 1
5873 1
5874 0
5875 1
5876 1
5877 0
5878 0
5879 0
5880 1
5881 1
5882 0
5883 0
5884 1
5885 0
5886 0
5887 0
5888 1
5889 1
5890 0
5891 1
5892 1
5893 0
5894 0
5895 1
5896 1
5897 1
5898 0
5899 0
5900 1
5901 0
5902 0
5903 1
5904 1
5905 1
5906 0
5907 1
5908 1
5909 0
5910 0
5911 0
5912 1
5913 1
5914 0
5915 0
5916 1
5917 0
5918 0
5919 1
5920 1
5921 1
5922 0
5923 1
5924 1
5925 0
5926 0
5927 1
5928 1
5929 1
5930 0
5931 0
5932 1
5933 0
5934 0
5935 0
5936 1
5937 1
5938 0
5939 1
5940 1
5941 0
5942 0
5943 0
5944 1
5945 1
5946 0
5947 0
5948 1
5949 0
5950 0
5951 1
5952 1
5953 1
5954 0
5955 1
5956 1
5957 0
5958 0
5959 1
5960 1
5961 1
5962 0
5963 0
5964 1
5965 0
5966 0
5967 1
5968 1
5969 1
5970 0
5971 1
5972 1
5973 0
5974 0
5975 0
5976 1
5977 1
5978 0
5979 0
5980 1
5981 0
5982 0
5983 0
5984 1
5985 1
5986 0
5987 1
5988 1
5989 0
5990 0
5991 1
5992 1
5993 1
5994 0
5995 0
5996 1
5997 0
5998 0
5999 0
6000 1
6001 1
6002 0
6003 1
6004 1
6005 0
6006 0
6007 0
6008 1
6009 1
6010 0
6011 0
6012 1
6013 0
6014 0
6015 0
6016 1
6017 1
6018 0
6019 1
6020 1
6021 0
6022 0
6023 1
6024 1
6025 1
6026 0
6027 0
6028 1
6029 0
6030 0
6031 1
6032 1
6033 1
6034 0
6035 1
6036 1
6037 0
6038 0
6039 0
6040 1
6041 1
6042 0
6043 0
6044 1
6045 0
6046 0
6047 1
6048 1
6049 1
6050 0
6051 1
6052 1
6053 0
6054 0
6055 1
6056 1
6057 1
6058 0
6059 0
6060 1
6061 0
6062 0
6063 0
6064 1
6065 1
6066 0
6067 1
6068 1
6069 0
6070 0
6071 0
6072 1
6073 1
6074 0
6075 0
6076 1
6077 0
6078 0
6079 0
6080 1
6081 1
6082 0
6083 1
6084 1
6085 0
6086 0
6087 1
6088 1
6089 1
6090 0
6091 0
6092 1
6093 0
6094 0
6095 1
6096 1
6097 1
6098 0
6099 1
6100 1
6101 0
6102 0
6103 0
6104 1
6105 1
6106 0
6107 0
6108 1
6109 0
6110 0
6111 0
6112 1
6113 1
6114 0
6115 1
6116 1
6117 0
6118 0
6119 1
6120 1
6121 1
6122 0
6123 0
6124 1
6125 0
6126 0
6127 0
6128 1
6129 1
6130 0
6131 1
6132 1
6133 0
6134 0
6135 0
6136 1
6137 1
6138 0
6139 0
6140 1
6141 0
6142 0
6143 0
6144 1
6145 1
6146 0
6147 1
6148 1
6149 0
6150 0
6151 1
6152 1
6153 1
6154 0
6155 0
6156 1
6157 0
6158 0
6159 1
6160 1
6161 1
6162 0
6163 1
6164 1
6165 0
6166 0
6167 0
6168 1
6169 1
6170 0
6171 0
6172 1
6173 0
6174 0
6175 1
6176 1
6177 1
6178 0
6179 1
6180 1
6181 0
6182 0
6183 1
6184 1
6185 1
6186 0
6187 0
6188 1
6189 0
6190 0
6191 0
6192 1
6193 1
6194 0
6195 1
6196 1
6197 0
6198 0
6199 0
6200 1
6201 1
6202 0
6203 0
6204 1
6205 0
6206 0
6207 1
6208 1
6209 1
6210 0
6211 1
6212 1
6213 0
6214 0
6215 1
6216 1
6217 1
6218 0
6219 0
6220 1
6221 0
6222 0
6223 1
6224 1
6225 1
6226 0
6227 1
6228 1
6229 0
6230 0
6231 0
6232 1
6233 1
6234 0
6235 0
6236 1
6237 0
6238 0
6239 0
6240 1
6241 1
6242 0
6243 1
6244 1
6245 0
6246 0
6247 1
6248 1
6249 1
6250 0
6251 0
6252 1
6253 0
6254 0
6255 0
6256 1
6257 1
6258 0
6259 1
6260 1
6261 0
6262 0
6263 0
6264 1
6265 1
6266 0
6267 0
6268 1
6269 0
6270 0
6271 1
6272 1
6273 1
6274 0
6275 1
6276 1
6277 0
6278 0
6279 1
6280 1
6281 1
6282 0
6283 0
6284 1
6285 0
6286 0
6287 1
6288 1
6289 1
6290 0
6291 1
6292 1
6293 0
6294 0
6295 0
6296 1
6297 1
6298 0
6299 0
6300 1
6301 0
6302 0
6303 1
6304 1
6305 1
6306 0
6307 1
6308 1
6309 0
6310 0
6311 1
6312 1
6313 1
6314 0
6315 0
6316 1
6317 0
6318 0
6319 0
6320 1
6321 1
6322 0
6323 1
6324 1
6325 0
6326 0
6327 0
6328 1
6329 1
6330 0
6331 0
6332 1
6333 0
6334 0
6335 0
6336 1
6337 1
6338 0
6339 1
6340 1
6341 0
6342 0
6343 1
6344 1
6345 1
6346 0
6347 0
6348 1
6349 0
6350 0
6351 1
6352 1
6353 1
6354 0
6355 1
6356 1
6357 0
6358 0
6359 0
6360 1
6361 1
6362 0
6363 0
6364 1
6365 0
6366 0
6367 0
6368 1
6369 1
6370 0
6371 1
6372 1
6373 0
6374 0
6375 1
6376 1
6377 1
6378 0
6379 0
6380 1
6381 0
6382 0
6383 0
6384 1
6385 1
6386 0
6387 1
6388 1
6389 0
6390 0
6391 0
6392 1
6393 1
6394 0
6395 0
6396 1
6397 0
6398 0
6399 1
6400 1
6401 1
6402 0
6403 1
6404 1
6405 0
6406 0
6407 1
6408 1
6409 1
6410 0
6411 0
6412 1
6413 0
6414 0
6415 1
6416 1
6417 1
6418 0
6419 1
6420 1
6421 0
6422 0
6423 0
6424 1
6425 1
6426 0
6427 0
6428 1
6429 0
6430 0
6431 1
6432 1
6433 1
6434 0
6435 1
6436 1
6437 0
6438 0
6439 1
6440 1
6441 1
6442 0
6443 0
6444 1
6445 0
6446 0
6447 0
6448 1
6449 1
6450 0
6451 1
6452 1
6453 0
6454 0
6455 0
6456 1
6457 1
6458 0
6459 0
6460 1
6461 0
6462 0
6463 1
6464 1
6465 1
6466 0
6467 1
6468 1
6469 0
6470 0
6471 1
6472 1
6473 1
6474 0
6475 0
6476 1
6477 0
6478 0
6479 1
6480 1
6481 1
6482 0
6483 1
6484 1
6485 0
6486 0
6487 0
6488 1
6489 1
6490 0
6491 0
6492 1
6493 0
6494 0
6495 0
6496 1
6497 1
6498 0
6499 1
6500 1
6501 0
6502 0
6503 1
6504 1
6505 1
6506 0
6507 0
6508 1
6509 0
6510 0
6511 0
6512 1
6513 1
6514 0
6515 1
6516 1
6517 0
6518 0
6519 0
6520 1
6521 1
6522 0
6523 0
6524 1
6525 0
6526 0
6527 0
6528 1
6529 1
6530 0
6531 1
6532 1
6533 0
6534 0
6535 1
6536 1
6537 1
6538 0
6539 0
6540 1
6541 0
6542 0
6543 1
6544 1
6545 1
6546 0
6547 1
6548 1
6549 0
6550 0
6551 0
6552 1
6553 1
6554 0
6555 0
6556 1
6557 0
6558 0
6559 1
6560 1
6561 1
6562 0
6563 1
6564 1
6565 0
6566 0
6567 1
6568 1
6569 1
6570 0
6571 0
6572 1
6573 0
6574 0
6575 0
6576 1
6577 1
6578 0
6579 1
6580 1
6581 0
6582 0
6583 0
6584 1
6585 1
6586 0
6587 0
6588 1
6589 0
6590 0
6591 0
6592 1
6593 1
6594 0
6595 1
6596 1
6597 0
6598 0
6599 1
6600 1
6601 1
6602 0
6603 0
6604 1
6605 0
6606 0
6607 1
6608 1
6609 1
6610 0
6611 1
6612 1
6613 0
6614 0
6615 0
6616 1
6617 1
6618 0
6619 0
6620 1
6621 0
6622 0
6623 0
6624 1
6625 1
6626 0
6627 1
6628 1
6629 0
6630 0
6631 1
6632 1
6633 1
6634 0
6635 0
6636 1
6637 0
6638 0
6639 0
6640 1
6641 1
6642 0
6643 1
6644 1
6645 0
6646 0
6647 0
6648 1
6649 1
6650 0
6651 0
6652 1
6653 0
6654 0
6655 1
6656 1
6657 1
6658 0
6659 1
6660 1
6661 0
6662 0
6663 1
6664 1
6665 1
6666 0
6667 0
6668 1
6669 0
6670 0
6671 1
6672 1
6673 1
6674 0
6675 1
6676 1
6677 0
6678 0
6679 0
6680 1
6681 1
6682 0
6683 0
6684 1
6685 0
6686 0
6687 1
6688 1
6689 1
6690 0
6691 1
6692 1
6693 0
6694 0
6695 1
6696 1
6697 1
6698 0
6699 0
6700 1
6701 0
6702 0
6703 0
6704 1
6705 1
6706 0
6707 1
6708 1
6709 0
6710 0
6711 0
6712 1
6713 1
6714 0
6715 0
6716 1
6717 0
6718 0
6719 1
6720 1
6721 1
6722 0
6723 1
6724 1
6725 0
6726 0
6727 1
6728 1
6729 1
6730 0
6731 0
6732 1
6733 0
6734 0
6735 1
6736 1
6737 1
6738 0
6739 1
6740 1
6741 0
6742 0
6743 0
6744 1
6745 1
6746 0
6747 0
6748 1
6749 0
6750 0
6751 0
6752 1
6753 1
6754 0
6755 1
6756 1
6757 0
6758 0
6759 1
6760 1
6761 1
6762 0
6763 0
6764 1
6765 0
6766 0
6767 0
6768 1
6769 1
6770 0
6771 1
6772 1
6773 0
6774 0
6775 0
6776 1
6777 1
6778 0
6779 0
6780 1
6781 0
6782 0
6783 1
6784 1
6785 1
6786 0
6787 1
6788 1
6789 0
6790 0
6791 1
6792 1
6793 1
6794 0
6795 0
6796 1
6797 0
6798 0
6799 1
6800 1
6801 1
6802 0
6803 1
6804 1
6805 0
6806 0
6807 0
6808 1
6809 1
6810 0
6811 0
6812 1
6813 0
6814 0
6815 1
6816 1
6817 1
6818 0
6819 1
6820 1
6821 0
6822 0
6823 1
6824 1
6825 1
6826 0
6827 0
6828 1
6829 0
6830 0
6831 0
6832 1
6833 1
6834 0
6835 1
6836 1
6837 0
6838 0
6839 0
6840 1
6841 1
6842 0
6843 0
6844 1
6845 0
6846 0
6847 0
6848 1
6849 1
6850 0
6851 1
6852 1
6853 0
6854 0
6855 1
6856 1
6857 1
6858 0
6859 0
6860 1
6861 0
6862 0
6863 1
6864 1
6865 1
6866 0
6867 1
6868 1
6869 0
6870 0
6871 0
6872 1
6873 1
6874 0
6875 0
6876 1
6877 0
6878 0
6879 0
6880 1
6881 1
6882 0
6883 1
6884 1
6885 0
6886 0
6887 1
6888 1
6889 1
6890 0
6891 0
6892 1
6893 0
6894 0
6895 0
6896 1
6897 1
6898 0
6899 1
6900 1
6901 0
6902 0
6903 0
6904 1
6905 1
6906 0
6907 0
6908 1
6909 0
6910 0
6911 0
6912 1
6913 1
6914 0
6915 1
6916 1
6917 0
6918 0
6919 1
6920 1
6921 1
6922 0
6923 0
6924 1
6925 0
6926 0
6927 1
6928 1
6929 1
6930 0
6931 1
6932 1
6933 0
6934 0
6935 0
6936 1
6937 1
6938 0
6939 0
6940 1
6941 0
6942 0
6943 1
6944 1
6945 1
6946 0
6947 1
6948 1
6949 0
6950 0
6951 1
6952 1
6953 1
6954 0
6955 0
6956 1
6957 0
6958 0
6959 0
6960 1
6961 1
6962 0
6963 1
6964 1
6965 0
6966 0
6967 0
6968 1
6969 1
6970 0
6971 0
6972 1
6973 0
6974 0
6975 1
6976 1
6977 1
6978 0
6979 1
6980 1
6981 0
6982 0
6983 1
6984 1
6985 1
6986 0
6987 0
6988 1
6989 0
6990 0
6991 1
6992 1
6993 1
6994 0
6995 1
6996 1
6997 0
6998 0
6999 0
7000 1
7001 1
7002 0
7003 0
7004 1
7005 0
7006 0
7007 0
7008 1
7009 1
7010 0
7011 1
7012 1
7013 0
7014 0
7015 1
7016 1
7017 1
7018 0
7019 0
7020 1
7021 0
7022 0
7023 0
7024 1
7025 1
7026 0
7027 1
7028 1
7029 0
7030 0
7031 0
7032 1
7033 1
7034 0
7035 0
7036 1
7037 0
7038 0
7039 0
7040 1
7041 1
7042 0
7043 1
7044 1
7045 0
7046 0
7047 1
7048 1
7049 1
7050 0
7051 0
7052 1
7053 0
7054 0
7055 1
7056 1
7057 1
7058 0
7059 1
7060 1
7061 0
7062 0
7063 0
7064 1
7065 1
7066 0
7067 0
7068 1
7069 0
7070 0
7071 1
7072 1
7073 1
7074 0
7075 1
7076 1
7077 0
7078 0
7079 1
7080 1
7081 1
7082 0
7083 0
7084 1
7085 0
7086 0
7087 0
7088 1
7089 1
7090 0
7091 1
7092 1
7093 0
7094 0
7095 0
7096 1
7097 1
7098 0
7099 0
7100 1
7101 0
7102 0
7103 0
7104 1
7105 1
7106 0
7107 1
7108 1
7109 0
7110 0
7111 1
7112 1
7113 1
7114 0
7115 0
7116 1
7117 0
7118 0
7119 1
7120 1
7121 1
7122 0
7123 1
7124 1
7125 0
7126 0
7127 0
7128 1
7129 1
7130 0
7131 0
7132 1
7133 0
7134 0
7135 0
7136 1
7137 1
7138 0
7139 1
7140 1
7141 0
7142 0
7143 1
7144 1
7145 1
7146 0
7147 0
7148 1
7149 0
7150 0
7151 0
7152 1
7153 1
7154 0
7155 1
7156 1
7157 0
7158 0
7159 0
7160 1
7161 1
7162 0
7163 0
7164 1
7165 0
7166 0
7167 0
7168 1
7169 1
7170 0
7171 1
7172 1
7173 0
7174 0
7175 1
7176 1
7177 1
7178 0
7179 0
7180 1
7181 0
7182 0
7183 1
7184 1
7185 1
7186 0
7187 1
7188 1
7189 0
7190 0
7191 0
7192 1
7193 1
7194 0
7195 0
7196 1
7197 0
7198 0
7199 1
7200 1
7201 1
7202 0
7203 1
7204 1
7205 0
7206 0
7207 1
7208 1
7209 1
7210 0
7211 0
7212 1
7213 0
7214 0
7215 0
7216 1
7217 1
7218 0
7219 1
7220 1
7221 0
7222 0
7223 0
7224 1
7225 1
7226 0
7227 0
7228 1
7229 0
7230 0
7231 1
7232 1
7233 1
7234 0
7235 1
7236 1
7237 0
7238 0
7239 1
7240 1
7241 1
7242 0
7243 0
7244 1
7245 0
7246 0
7247 1
7248 1
7249 1
7250 0
7251 1
7252 1
7253 0
7254 0
7255 0
7256 1
7257 1
7258 0
7259 0
7260 1
7261 0
7262 0
7263 0
7264 1
7265 1
7266 0
7267 1
7268 1
7269 0
7270 0
7271 1
7272 1
7273 1
7274 0
7275 0
7276 1
7277 0
7278 0
7279 0
7280 1
7281 1
7282 0
7283 1
7284 1
7285 0
7286 0
7287 0
7288 1
7289 1
7290 0
7291 0
7292 1
7293 0
7294 0
7295 1
7296 1
7297 1
7298 0
7299 1
7300 1
7301 0
7302 0
7303 1
7304 1
7305 1
7306 0
7307 0
7308 1
7309 0
7310 0
7311 1
7312 1
7313 1
7314 0
7315 1
7316 1
7317 0
7318 0
7319 0
7320 1
7321 1
7322 0
7323 0
7324 1
7325 0
7326 0
7327 1
7328 1
7329 1
7330 0
7331 1
7332 1
7333 0
7334 0
7335 1
7336 1
7337 1
7338 0
7339 0
7340 1
7341 0
7342 0
7343 0
7344 1
7345 1
7346 0
7347 1
7348 1
7349 0
7350 0
7351 0
7352 1
7353 1
7354 0
7355 0
7356 1
7357 0
7358 0
7359 0
7360 1
7361 1
7362 0
7363 1
7364 1
7365 0
7366 0
7367 1
7368 1
7369 1
7370 0
7371 0
7372 1
7373 0
7374 0
7375 1
7376 1
7377 1
7378 0
7379 1
7380 1
7381 0
7382 0
7383 0
7384 1
7385 1
7386 0
7387 0
7388 1
7389 0
7390 0
7391 0
7392 1
7393 1
7394 0
7395 1
7396 1
7397 0
7398 0
7399 1
7400 1
7401 1
7402 0
7403 0
7404 1
7405 0
7406 0
7407 0
7408 1
7409 1
7410 0
7411 1
7412 1
7413 0
7414 0
7415 0
7416 1
7417 1
7418 0
7419 0
7420 1
7421 0
7422 0
7423 1
7424 1
7425 1
7426 0
7427 1
7428 1
7429 0
7430 0
7431 1
7432 1
7433 1
7434 0
7435 0
7436 1
7437 0
7438 0
7439 1
7440 1
7441 1
7442 0
7443 1
7444 1
7445 0
7446 0
7447 0
7448 1
7449 1
7450 0
7451 0
7452 1
7453 0
7454 0
7455 1
7456 1
7457 1
7458 0
7459 1
7460 1
7461 0
7462 0
7463 1
7464 1
7465 1
7466 0
7467 0
7468 1
7469 0
7470 0
7471 0
7472 1
7473 1
7474 0
7475 1
7476 1
7477 0
7478 0
7479 0
7480 1
7481 1
7482 0
7483 0
7484 1
7485 0
7486 0
7487 1
7488 1
7489 1
7490 0
7491 1
7492 1
7493 0
7494 0
7495 1
7496 1
7497 1
7498 0
7499 0
7500 1
7501 0
7502 0
7503 1
7504 1
7505 1
7506 0
7507 1
7508 1
7509 0
7510 0
7511 0
7512 1
7513 1
7514 0
7515 0
7516 1
7517 0
7518 0
7519 0
7520 1
7521 1
7522 0
7523 1
7524 1
7525 0
7526 0
7527 1
7528 1
7529 1
7530 0
7531 0
7532 1
7533 0
7534 0
7535 0
7536 1
7537 1
7538 0
7539 1
7540 1
7541 0
7542 0
7543 0
7544 1
7545 1
7546 0
7547 0
7548 1
7549 0
7550 0
7551 0
7552 1
7553 1
7554 0
7555 1
7556 1
7557 0
7558 0
7559 1
7560 1
7561 1
7562 0
7563 0
7564 1
7565 0
7566 0
7567 1
7568 1
7569 1
7570 0
7571 1
7572 1
7573 0
7574 0
7575 0
7576 1
7577 1
7578 0
7579 0
7580 1
7581 0
7582 0
7583 1
7584 1
7585 1
7586 0
7587 1
7588 1
7589 0
7590 0
7591 1
7592 1
7593 1
7594 0
7595 0
7596 1
7597 0
7598 0
7599 0
7600 1
7601 1
7602 0
7603 1
7604 1
7605 0
7606 0
7607 0
7608 1
7609 1
7610 0
7611 0
7612 1
7613 0
7614 0
7615 0
7616 1
7617 1
7618 0
7619 1
7620 1
7621 0
7622 0
7623 1
7624 1
7625 1
7626 0
7627 0
7628 1
7629 0
7630 0
7631 1
7632 1
7633 1
7634 0
7635 1
7636 1
7637 0
7638 0
7639 0
7640 1
7641 1
7642 0
7643 0
7644 1
7645 0
7646 0
7647 0
7648 1
7649 1
7650 0
7651 1
7652 1
7653 0
7654 0
7655 1
7656 1
7657 1
7658 0
7659 0
7660 1
7661 0
7662 0
7663 0
7664 1
7665 1
7666 0
7667 1
7668 1
7669 0
7670 0
7671 0
7672 1
7673 1
7674 0
7675 0
7676 1
7677 0
7678 0
7679 0
7680 1
7681 1
7682 0
7683 1
7684 1
7685 0
7686 0
7687 1
7688 1
7689 1
7690 0
7691 0
7692 1
7693 0
7694 0
7695 1
7696 1
7697 1
7698 0
7699 1
7700 1
7701 0
7702 0
7703 0
7704 1
7705 1
7706 0
7707 0
7708 1
7709 0
7710 0
7711 1
7712 1
7713 1
7714 0
7715 1
7716 1
7717 0
7718 0
7719 1
7720 1
7721 1
7722 0
7723 0
7724 1
7725 0
7726 0
7727 0
7728 1
7729 1
7730 0
7731 1
7732 1
7733 0
7734 0
7735 0
7736 1
7737 1
7738 0
7739 0
7740 1
7741 0
7742 0
7743 1
7744 1
7745 1
7746 0
7747 1
7748 1
7749 0
7750 0
7751 1
7752 1
7753 1
7754 0
7755 0
7756 1
7757 0
7758 0
7759 1
7760 1
7761 1
7762 0
7763 1
7764 1
7765 0
7766 0
7767 0
7768 1
7769 1
7770 0
7771 0
7772 1
7773 0
7774 0
7775 0
7776 1
7777 1
7778 0
7779 1
7780 1
7781 0
7782 0
7783 1
7784 1
7785 1
7786 0
7787 0
7788 1
7789 0
7790 0
7791 0
7792 1
7793 1
7794 0
7795 1
7796 1
7797 0
7798 0
7799 0
7800 1
7801 1
7802 0
7803 0
7804 1
7805 0
7806 0
7807 1
7808 1
7809 1
7810 0
7811 1
7812 1
7813 0
7814 0
7815 1
7816 1
7817 1
7818 0
7819 0
7820 1
7821 0
7822 0
7823 1
7824 1
7825 1
7826 0
7827 1
7828 1
7829 0
7830 0
7831 0
7832 1
7833 1
7834 0
7835 0
7836 1
7837 0
7838 0
7839 1
7840 1
7841 1
7842 0
7843 1
7844 1
7845 0
7846 0
7847 1
7848 1
7849 1
7850 0
7851 0
7852 1
7853 0
7854 0
7855 0
7856 1
7857 1
7858 0
7859 1
7860 1
7861 0
7862 0
7863 0
7864 1
7865 1
7866 0
7867 0
7868 1
7869 0
7870 0
7871 0
7872 1
7873 1
7874 0
7875 1
7876 1
7877 0
7878 0
7879 1
7880 1
7881 1
7882 0
7883 0
7884 1
7885 0
7886 0
7887 1
7888 1
7889 1
7890 0
7891 1
7892 1
7893 0
7894 0
7895 0
7896 1
7897 1
7898 0
7899 0
7900 1
7901 0
7902 0
7903 0
7904 1
7905 1
7906 0
7907 1
7908 1
7909 0
7910 0
7911 1
7912 1
7913 1
7914 0
7915 0
7916 1
7917 0
7918 0
7919 0
7920 1
7921 1
7922 0
7923 1
7924 1
7925 0
7926 0
7927 0
7928 1
7929 1
7930 0
7931 0
7932 1
7933 0
7934 0
7935 0
7936 1
7937 1
7938 0
7939 1
7940 1
7941 0
7942 0
7943 1
7944 1
7945 1
7946 0
7947 0
7948 1
7949 0
7950 0
7951 1
7952 1
7953 1
7954 0
7955 1
7956 1
7957 0
7958 0
7959 0
7960 1
7961 1
7962 0
7963 0
7964 1
7965 0
7966 0
7967 1
7968 1
7969 1
7970 0
7971 1
7972 1
7973 0
7974 0
7975 1
7976 1
7977 1
7978 0
7979 0
7980 1
7981 0
7982 0
7983 0
7984 1
7985 1
7986 0
7987 1
7988 1
7989 0
7990 0
7991 0
7992 1
7993 1
7994 0
7995 0
7996 1
7997 0
7998 0
7999 1
8000 1
8001 1
8002 0
8003 1
8004 1
8005 0
8006 0
8007 1
8008 1
8009 1
8010 0
8011 0
8012 1
8013 0
8014 0
8015 1
8016 1
8017 1
8018 0
8019 1
8020 1
8021 0
8022 0
8023 0
8024 1
8025 1
8026 0
8027 0
8028 1
8029 0
8030 0
8031 0
8032 1
8033 1
8034 0
8035 1
8036 1
8037 0
8038 0
8039 1
8040 1
8041 1
8042 0
8043 0
8044 1
8045 0
8046 0
8047 0
8048 1
8049 1
8050 0
8051 1
8052 1
8053 0
8054 0
8055 0
8056 1
8057 1
8058 0
8059 0
8060 1
8061 0
8062 0
8063 0
8064 1
8065 1
8066 0
8067 1
8068 1
8069 0
8070 0
8071 1
8072 1
8073 1
8074 0
8075 0
8076 1
8077 0
8078 0
8079 1
8080 1
8081 1
8082 0
8083 1
8084 1
8085 0
8086 0
8087 0
8088 1
8089 1
8090 0
8091 0
8092 1
8093 0
8094 0
8095 1
8096 1
8097 1
8098 0
8099 1
8100 1
8101 0
8102 0
8103 1
8104 1
8105 1
8106 0
8107 0
8108 1
8109 0
8110 0
8111 0
8112 1
8113 1
8114 0
8115 1
8116 1
8117 0
8118 0
8119 0
8120 1
8121 1
8122 0
8123 0
8124 1
8125 0
8126 0
8127 0
8128 1
8129 1
8130 0
8131 1
8132 1
8133 0
8134 0
8135 1
8136 1
8137 1
8138 0
8139 0
8140 1
8141 0
8142 0
8143 1
8144 1
8145 1
8146 0
8147 1
8148 1
8149 0
8150 0
8151 0
8152 1
8153 1
8154 0
8155 0
8156 1
8157 0
8158 0
8159 0
8160 1
8161 1
8162 0
8163 1
8164 1
8165 0
8166 0
8167 1
8168 1
8169 1
8170 0
8171 0
8172 1
8173 0
8174 0
8175 0
8176 1
8177 1
8178 0
8179 1
8180 1
8181 0
8182 0
8183 0
8184 1
8185 1
8186 0
8187 0
8188 1
8189 0
8190 0
8191 1
8192 1
8193 1
8194 0
8195 1
8196 1
8197 0
8198 0
8199 1
8200 1
8201 1
8202 0
8203 0
8204 1
8205 0
8206 0
8207 1
8208 1
8209 1
8210 0
8211 1
8212 1
8213 0
8214 0
8215 0
8216 1
8217 1
8218 0
8219 0
8220 1
8221 0
8222 0
8223 1
8224 1
8225 1
8226 0
8227 1
8228 1
8229 0
8230 0
8231 1
8232 1
8233 1
8234 0
8235 0
8236 1
8237 0
8238 0
8239 0
8240 1
8241 1
8242 0
8243 1
8244 1
8245 0
8246 0
8247 0
8248 1
8249 1
8250 0
8251 0
8252 1
8253 0
8254 0
8255 1
8256 1
8257 1
8258 0
8259 1
8260 1
8261 0
8262 0
8263 1
8264 1
8265 1
8266 0
8267 0
8268 1
8269 0
8270 0
8271 1
8272 1
8273 1
8274 0
8275 1
8276 1
8277 0
8278 0
8279 0
8280 1
8281 1
8282 0
8283 0
8284 1
8285 0
8286 0
8287 0
8288 1
8289 1
8290 0
8291 1
8292 1
8293 0
8294 0
8295 1
8296 1
8297 1
8298 0
8299 0
8300 1
8301 0
8302 0
8303 0
8304 1
8305 1
8306 0
8307 1
8308 1
8309 0
8310 0
8311 0
8312 1
8313 1
8314 0
8315 0
8316 1
8317 0
8318 0
8319 1
8320 1
8321 1
8322 0
8323 1
8324 1
8325 0
8326 0
8327 1
8328 1
8329 1
8330 0
8331 0
8332 1
8333 0
8334 0
8335 1
8336 1
8337 1
8338 0
8339 1
8340 1
8341 0
8342 0
8343 0
8344 1
8345 1
8346 0
8347 0
8348 1
8349 0
8350 0
8351 1
8352 1
8353 1
8354 0
8355 1
8356 1
8357 0
8358 0
8359 1
8360 1
8361 1
8362 0
8363 0
8364 1
8365 0
8366 0
8367 0
8368 1
8369 1
8370 0
8371 1
8372 1
8373 0
8374 0
8375 0
8376 1
8377 1
8378 0
8379 0
8380 1
8381 0
8382 0
8383 0
8384 1
8385 1
8386 0
8387 1
8388 1
8389 0
8390 0
8391 1
8392 1
8393 1
8394 0
8395 0
8396 1
8397 0
8398 0
8399 1
8400 1
8401 1
8402 0
8403 1
8404 1
8405 0
8406 0
8407 0
8408 1
8409 1
8410 0
8411 0
8412 1
8413 0
8414 0
8415 0
8416 1
8417 1
8418 0
8419 1
8420 1
8421 0
8422 0
8423 1
8424 1
8425 1
8426 0
8427 0
8428 1
8429 0
8430 0
8431 0
8432 1
8433 1
8434 0
8435 1
8436 1
8437 0
8438 0
8439 0
8440 1
8441 1
8442 0
8443 0
8444 1
8445 0
8446 0
8447 1
8448 1
8449 1
8450 0
8451 1
8452 1
8453 0
8454 0
8455 1
8456 1
8457 1
8458 0
8459 0
8460 1
8461 0
8462 0
8463 1
8464 1
8465 1
8466 0
8467 1
8468 1
8469 0
8470 0
8471 0
8472 1
8473 1
8474 0
8475 0
8476 1
8477 0
8478 0
8479 1
8480 1
8481 1
8482 0
8483 1
8484 1
8485 0
8486 0
8487 1
8488 1
8489 1
8490 0
8491 0
8492 1
8493 0
8494 0
8495 0
8496 1
8497 1
8498 0
8499 1
8500 1
8501 0
8502 0
8503 0
8504 1
8505 1
8506 0
8507 0
8508 1
8509 0
8510 0
8511 1
8512 1
8513 1
8514 0
8515 1
8516 1
8517 0
8518 0
8519 1
8520 1
8521 1
8522 0
8523 0
8524 1
8525 0
8526 0
8527 1
8528 1
8529 1
8530 0
8531 1
8532 1
8533 0
8534 0
8535 0
8536 1
8537 1
8538 0
8539 0
8540 1
8541 0
8542 0
8543 0
8544 1
8545 1
8546 0
8547 1
8548 1
8549 0
8550 0
8551 1
8552 1
8553 1
8554 0
8555 0
8556 1
8557 0
8558 0
8559 0
8560 1
8561 1
8562 0
8563 1
8564 1
8565 0
8566 0
8567 0
8568 1
8569 1
8570 0
8571 0
8572 1
8573 0
8574 0
8575 0
8576 1
8577 1
8578 0
8579 1
8580 1
8581 0
8582 0
8583 1
8584 1
8585 1
8586 0
8587 0
8588 1
8589 0
8590 0
8591 1
8592 1
8593 1
8594 0
8595 1
8596 1
8597 0
8598 0
8599 0
8600 1
8601 1
8602 0
8603 0
8604 1
8605 0
8606 0
8607 1
8608 1
8609 1
8610 0
8611 1
8612 1
8613 0
8614 0
8615 1
8616 1
8617 1
8618 0
8619 0
8620 1
8621 0
8622 0
8623 0
8624 1
8625 1
8626 0
8627 1
8628 1
8629 0
8630 0
8631 0
8632 1
8633 1
8634 0
8635 0
8636 1
8637 0
8638 0
8639 0
8640 1
8641 1
8642 0
8643 1
8644 1
8645 0
8646 0
8647 1
8648 1
8649 1
8650 0
8651 0
8652 1
8653 0
8654 0
8655 1
8656 1
8657 1
8658 0
8659 1
8660 1
8661 0
8662 0
8663 0
8664 1
8665 1
8666 0
8667 0
8668 1
8669 0
8670 0
8671 0
8672 1
8673 1
8674 0
8675 1
8676 1
8677 0
8678 0
8679 1
8680 1
8681 1
8682 0
8683 0
8684 1
8685 0
8686 0
8687 0
8688 1
8689 1
8690 0
8691 1
8692 1
8693 0
8694 0
8695 0
8696 1
8697 1
8698 0
8699 0
8700 1
8701 0
8702 0
8703 1
8704 1
8705 1
8706 0
8707 1
8708 1
8709 0
8710 0
8711 1
8712 1
8713 1
8714 0
8715 0
8716 1
8717 0
8718 0
8719 1
8720 1
8721 1
8722 0
8723 1
8724 1
8725 0
8726 0
8727 0
8728 1
8729 1
8730 0
8731 0
8732 1
8733 0
8734 0
8735 1
8736 1
8737 1
8738 0
8739 1
8740 1
8741 0
8742 0
8743 1
8744 1
8745 1
8746 0
8747 0
8748 1
8749 0
8750 0
8751 0
8752 1
8753 1
8754 0
8755 1
8756 1
8757 0
8758 0
8759 0
8760 1
8761 1
8762 0
8763 0
8764 1
8765 0
8766 0
8767 1
8768 1
8769 1
8770 0
8771 1
8772 1
8773 0
8774 0
8775 1
8776 1
8777 1
8778 0
8779 0
8780 1
8781 0
8782 0
8783 1
8784 1
8785 1
8786 0
8787 1
8788 1
8789 0
8790 0
8791 0
8792 1
8793 1
8794 0
8795 0
8796 1
8797 0
8798 0
8799 0
8800 1
8801 1
8802 0
8803 1
8804 1
8805 0
8806 0
8807 1
8808 1
8809 1
8810 0
8811 0
8812 1
8813 0
8814 0
8815 0
8816 1
8817 1
8818 0
8819 1
8820 1
8821 0
8822 0
8823 0
8824 1
8825 1
8826 0
8827 0
8828 1
8829 0
8830 0
8831 1
8832 1
8833 1
8834 0
8835 1
8836 1
8837 0
8838 0
8839 1
8840 1
8841 1
8842 0
8843 0
8844 1
8845 0
8846 0
8847 1
8848 1
8849 1
8850 0
8851 1
8852 1
8853 0
8854 0
8855 0
8856 1
8857 1
8858 0
8859 0
8860 1
8861 0
8862 0
8863 1
8864 1
8865 1
8866 0
8867 1
8868 1
8869 0
8870 0
8871 1
8872 1
8873 1
8874 0
8875 0
8876 1
8877 0
8878 0
8879 0
8880 1
8881 1
8882 0
8883 1
8884 1
8885 0
8886 0
8887 0
8888 1
8889 1
8890 0
8891 0
8892 1
8893 0
8894 0
8895 0
8896 1
8897 1
8898 0
8899 1
8900 1
8901 0
8902 0
8903 1
8904 1
8905 1
8906 0
8907 0
8908 1
8909 0
8910 0
8911 1
8912 1
8913 1
8914 0
8915 1
8916 1
8917 0
8918 0
8919 0
8920 1
8921 1
8922 0
8923 0
8924 1
8925 0
8926 0
8927 0
8928 1
8929 1
8930 0
8931 1
8932 1
8933 0
8934 0
8935 1
8936 1
8937 1
8938 0
8939 0
8940 1
8941 0
8942 0
8943 0
8944 1
8945 1
8946 0
8947 1
8948 1
8949 0
8950 0
8951 0
8952 1
8953 1
8954 0
8955 0
8956 1
8957 0
8958 0
8959 0
8960 1
8961 1
8962 0
8963 1
8964 1
8965 0
8966 0
8967 1
8968 1
8969 1
8970 0
8971 0
8972 1
8973 0
8974 0
8975 1
8976 1
8977 1
8978 0
8979 1
8980 1
8981 0
8982 0
8983 0
8984 1
8985 1
8986 0
8987 0
8988 1
8989 0
8990 0
8991 1
8992 1
8993 1
8994 0
8995 1
8996 1
8997 0
8998 0
8999 1
9000 1
9001 1
9002 0
9003 0
9004 1
9005 0
9006 0
9007 0
9008 1
9009 1
9010 0
9011 1
9012 1
9013 0
9014 0
9015 0
9016 1
9017 1
9018 0
9019 0
9020 1
9021 0
9022 0
9023 1
9024 1
9025 1
9026 0
9027 1
9028 1
9029 0
9030 0
9031 1
9032 1
9033 1
9034 0
9035 0
9036 1
9037 0
9038 0
9039 1
9040 1
9041 1
9042 0
9043 1
9044 1
9045 0
9046 0
9047 0
9048 1
9049 1
9050 0
9051 0
9052 1
9053 0
9054 0
9055 0
9056 1
9057 1
9058 0
9059 1
9060 1
9061 0
9062 0
9063 1
9064 1
9065 1
9066 0
9067 0
9068 1
9069 0
9070 0
9071 0
9072 1
9073 1
9074 0
9075 1
9076 1
9077 0
9078 0
9079 0
9080 1
9081 1
9082 0
9083 0
9084 1
9085 0
9086 0
9087 0
9088 1
9089 1
9090 0
9091 1
9092 1
9093 0
9094 0
9095 1
9096 1
9097 1
9098 0
9099 0
9100 1
9101 0
9102 0
9103 1
9104 1
9105 1
9106 0
9107 1
9108 1
9109 0
9110 0
9111 0
9112 1
9113 1
9114 0
9115 0
9116 1
9117 0
9118 0
9119 1
9120 1
9121 1
9122 0
9123 1
9124 1
9125 0
9126 0
9127 1
9128 1
9129 1
9130 0
9131 0
9132 1
9133 0
9134 0
9135 0
9136 1
9137 1
9138 0
9139 1
9140 1
9141 0
9142 0
9143 0
9144 1
9145 1
9146 0
9147 0
9148 1
9149 0
9150 0
9151 0
9152 1
9153 1
9154 0
9155 1
9156 1
9157 0
9158 0
9159 1
9160 1
9161 1
9162 0
9163 0
9164 1
9165 0
9166 0
9167 1
9168 1
9169 1
9170 0
9171 1
9172 1
9173 0
9174 0
9175 0
9176 1
9177 1
9178 0
9179 0
9180 1
9181 0
9182 0
9183 0
9184 1
9185 1
9186 0
9187 1
9188 1
9189 0
9190 0
9191 1
9192 1
9193 1
9194 0
9195 0
9196 1
9197 0
9198 0
9199 0
9200 1
9201 1
9202 0
9203 1
9204 1
9205 0
9206 0
9207 0
9208 1
9209 1
9210 0
9211 0
9212 1
9213 0
9214 0
9215 1
9216 1
9217 1
9218 0
9219 1
9220 1
9221 0
9222 0
9223 1
9224 1
9225 1
9226 0
9227 0
9228 1
9229 0
9230 0
9231 1
9232 1
9233 1
9234 0
9235 1
9236 1
9237 0
9238 0
9239 0
9240 1
9241 1
9242 0
9243 0
9244 1
9245 0
9246 0
9247 1
9248 1
9249 1
9250 0
9251 1
9252 1
9253 0
9254 0
9255 1
9256 1
9257 1
9258 0
9259 0
9260 1
9261 0
9262 0
9263 0
9264 1
9265 1
9266 0
9267 1
9268 1
9269 0
9270 0
9271 0
9272 1
9273 1
9274 0
9275 0
9276 1
9277 0
9278 0
9279 1
9280 1
9281 1
9282 0
9283 1
9284 1
9285 0
9286 0
9287 1
9288 1
9289 1
9290 0
9291 0
9292 1
9293 0
9294 0
9295 1
9296 1
9297 1
9298 0
9299 1
9300 1
9301 0
9302 0
9303 0
9304 1
9305 1
9306 0
9307 0
9308 1
9309 0
9310 0
9311 0
9312 1
9313 1
9314 0
9315 1
9316 1
9317 0
9318 0
9319 1
9320 1
9321 1
9322 0
9323 0
9324 1
9325 0
9326 0
9327 0
9328 1
9329 1
9330 0
9331 1
9332 1
9333 0
9334 0
9335 0
9336 1
9337 1
9338 0
9339 0
9340 1
9341 0
9342 0
9343 1
9344 1
9345 1
9346 0
9347 1
9348 1
9349 0
9350 0
9351 1
9352 1
9353 1
9354 0
9355 0
9356 1
9357 0
9358 0
9359 1
9360 1
9361 1
9362 0
9363 1
9364 1
9365 0
9366 0
9367 0
9368 1
9369 1
9370 0
9371 0
9372 1
9373 0
9374 0
9375 1
9376 1
9377 1
9378 0
9379 1
9380 1
9381 0
9382 0
9383 1
9384 1
9385 1
9386 0
9387 0
9388 1
9389 0
9390 0
9391 0
9392 1
9393 1
9394 0
9395 1
9396 1
9397 0
9398 0
9399 0
9400 1
9401 1
9402 0
9403 0
9404 1
9405 0
9406 0
9407 0
9408 1
9409 1
9410 0
9411 1
9412 1
9413 0
9414 0
9415 1
9416 1
9417 1
9418 0
9419 0
9420 1
9421 0
9422 0
9423 1
9424 1
9425 1
9426 0
9427 1
9428 1
9429 0
9430 0
9431 0
9432 1
9433 1
9434 0
9435 0
9436 1
9437 0
9438 0
9439 0
9440 1
9441 1
9442 0
9443 1
9444 1
9445 0
9446 0
9447 1
9448 1
9449 1
9450 0
9451 0
9452 1
9453 0
9454 0
9455 0
9456 1
9457 1
9458 0
9459 1
9460 1
9461 0
9462 0
9463 0
9464 1
9465 1
9466 0
9467 0
9468 1
9469 0
9470 0
9471 1
9472 1
9473 1
9474 0
9475 1
9476 1
9477 0
9478 0
9479 1
9480 1
9481 1
9482 0
9483 0
9484 1
9485 0
9486 0
9487 1
9488 1
9489 1
9490 0
9491 1
9492 1
9493 0
9494 0
9495 0
9496 1
9497 1
9498 0
9499 0
9500 1
9501 0
9502 0
9503 1
9504 1
9505 1
9506 0
9507 1
9508 1
9509 0
9510 0
9511 1
9512 1
9513 1
9514 0
9515 0
9516 1
9517 0
9518 0
9519 0
9520 1
9521 1
9522 0
9523 1
9524 1
9525 0
9526 0
9527 0
9528 1
9529 1
9530 0
9531 0
9532 1
9533 0
9534 0
9535 1
9536 1
9537 1
9538 0
9539 1
9540 1
9541 0
9542 0
9543 1
9544 1
9545 1
9546 0
9547 0
9548 1
9549 0
9550 0
9551 1
9552 1
9553 1
9554 0
9555 1
9556 1
9557 0
9558 0
9559 0
9560 1
9561 1
9562 0
9563 0
9564 1
9565 0
9566 0
9567 0
9568 1
9569 1
9570 0
9571 1
9572 1
9573 0
9574 0
9575 1
9576 1
9577 1
9578 0
9579 0
9580 1
9581 0
9582 0
9583 0
9584 1
9585 1
9586 0
9587 1
9588 1
9589 0
9590 0
9591 0
9592 1
9593 1
9594 0
9595 0
9596 1
9597 0
9598 0
9599 0
9600 1
9601 1
9602 0
9603 1
9604 1
9605 0
9606 0
9607 1
9608 1
9609 1
9610 0
9611 0
9612 1
9613 0
9614 0
9615 1
9616 1
9617 1
9618 0
9619 1
9620 1
9621 0
9622 0
9623 0
9624 1
9625 1
9626 0
9627 0
9628 1
9629 0
9630 0
9631 1
9632 1
9633 1
9634 0
9635 1
9636 1
9637 0
9638 0
9639 1
9640 1
9641 1
9642 0
9643 0
9644 1
9645 0
9646 0
9647 0
9648 1
9649 1
9650 0
9651 1
9652 1
9653 0
9654 0
9655 0
9656 1
9657 1
9658 0
9659 0
9660 1
9661 0
9662 0
9663 0
9664 1
9665 1
9666 0
9667 1
9668 1
9669 0
9670 0
9671 1
9672 1
9673 1
9674 0
9675 0
9676 1
9677 0
9678 0
9679 1
9680 1
9681 1
9682 0
9683 1
9684 1
9685 0
9686 0
9687 0
9688 1
9689 1
9690 0
9691 0
9692 1
9693 0
9694 0
9695 0
9696 1
9697 1
9698 0
9699 1
9700 1
9701 0
9702 0
9703 1
9704 1
9705 1
9706 0
9707 0
9708 1
9709 0
9710 0
9711 0
9712 1
9713 1
9714 0
9715 1
9716 1
9717 0
9718 0
9719 0
9720 1
9721 1
9722 0
9723 0
9724 1
9725 0
9726 0
9727 0
9728 1
9729 1
9730 0
9731 1
9732 1
9733 0
9734 0
9735 1
9736 1
9737 1
9738 0
9739 0
9740 1
9741 0
9742 0
9743 1
9744 1
9745 1
9746 0
9747 1
9748 1
9749 0
9750 0
9751 0
9752 1
9753 1
9754 0
9755 0
9756 1
9757 0
9758 0
9759 1
9760 1
9761 1
9762 0
9763 1
9764 1
9765 0
9766 0
9767 1
9768 1
9769 1
9770 0
9771 0
9772 1
9773 0
9774 0
9775 0
9776 1
9777 1
9778 0
9779 1
9780 1
9781 0
9782 0
9783 0
9784 1
9785 1
9786 0
9787 0
9788 1
9789 0
9790 0
9791 1
9792 1
9793 1
9794 0
9795 1
9796 1
9797 0
9798 0
9799 1
9800 1
9801 1
9802 0
9803 0
9804 1
9805 0
9806 0
9807 1
9808 1
9809 1
9810 0
9811 1
9812 1
9813 0
9814 0
9815 0
9816 1
9817 1
9818 0
9819 0
9820 1
9821 0
9822 0
9823 0
9824 1
9825 1
9826 0
9827 1
9828 1
9829 0
9830 0
9831 1
9832 1
9833 1
9834 0
9835 0
9836 1
9837 0
9838 0
9839 0
9840 1
9841 1
9842 0
9843 1
9844 1
9845 0
9846 0
9847 0
9848 1
9849 1
9850 0
9851 0
9852 1
9853 0
9854 0
9855 1
9856 1
9857 1
9858 0
9859 1
9860 1
9861 0
9862 0
9863 1
9864 1
9865 1
9866 0
9867 0
9868 1
9869 0
9870 0
9871 1
9872 1
9873 1
9874 0
9875 1
9876 1
9877 0
9878 0
9879 0
9880 1
9881 1
9882 0
9883 0
9884 1
9885 0
9886 0
9887 1
9888 1
9889 1
9890 0
9891 1
9892 1
9893 0
9894 0
9895 1
9896 1
9897 1
9898 0
9899 0
9900 1
9901 0
9902 0
9903 0
9904 1
9905 1
9906 0
9907 1
9908 1
9909 0
9910 0
9911 0
9912 1
9913 1
9914 0
9915 0
9916 1
9917 0
9918 0
9919 0
9920 1
9921 1
9922 0
9923 1
9924 1
9925 0
9926 0
9927 1
9928 1
9929 1
9930 0
9931 0
9932 1
9933 0
9934 0
9935 1
9936 1
9937 1
9938 0
9939 1
9940 1
9941 0
9942 0
9943 0
9944 1
9945 1
9946 0
9947 0
9948 1
9949 0
9950 0
9951 0
9952 1
9953 1
9954 0
9955 1
9956 1
9957 0
9958 0
9959 1
9960 1
9961 1
9962 0
9963 0
9964 1
9965 0
9966 0
9967 0
9968 1
9969 1
9970 0
9971 1
9972 1
9973 0
9974 0
9975 0
9976 1
9977 1
9978 0
9979 0
9980 1
9981 0
9982 0
9983 0
9984 1
9985 1
9986 0
9987 1
9988 1
9989 0
9990 0
9991 1
9992 1
9993 1
9994 0
9995 0
9996 1
9997 0
9998 0
9999 1
10000 1