1 1
2 2
3 2
4 1
5 1
6 2
7 1
8 2
9 2
10 1
11 2
12 2
13 1
14 1
15 2
16 1
17 1
18 2
19 2
20 1
21 2
22 1
23 1
24 2
25 1
26 2
27 2
28 1
29 1
30 2
31 1
32 1
33 2
34 1
35 2
36 2
37 1
38 2
39 2
40 1
41 1
42 2
43 1
44 2
45 2
46 1
47 2
48 1
49 1
50 2
51 1
52 1
53 2
54 2
55 1
56 2
57 2
58 1
59 1
60 2
61 1
62 2
63 2
64 1
65 2
66 2
67 1
68 1
69 2
70 1
71 1
72 2
73 1
74 2
75 2
76 1
77 2
78 1
79 1
80 2
81 2
82 1
83 2
84 2
85 1
86 1
87 2
88 1
89 2
90 2
91 1
92 2
93 2
94 1
95 1
96 2
97 1
98 1
99 2
100 2
101 1
102 2
103 1
104 1
105 2
106 1
107 2
108 2
109 1
110 2
111 2
112 1
113 1
114 2
115 1
116 1
117 2
118 1
119 2
120 2
121 1
122 1
123 2
124 1
125 1
126 2
127 2
128 1
129 2
130 1
131 1
132 2
133 1
134 1
135 2
136 2
137 1
138 2
139 2
140 1
141 1
142 2
143 1
144 2
145 2
146 1
147 2
148 1
149 1
150 2
151 2
152 1
153 2
154 2
155 1
156 2
157 1
158 1
159 2
160 1
161 1
162 2
163 2
164 1
165 2
166 2
167 1
168 1
169 2
170 1
171 2
172 2
173 1
174 2
175 1
176 1
177 2
178 1
179 1
180 2
181 2
182 1
183 2
184 1
185 1
186 2
187 1
188 2
189 2
190 1
191 1
192 2
193 1
194 1
195 2
196 1
197 2
198 2
199 1
200 2
201 1
202 1
203 2
204 2
205 1
206 2
207 2
208 1
209 1
210 2
211 1
212 2
213 2
214 1
215 2
216 2
217 1
218 1
219 2
220 1
221 1
222 2
223 1
224 2
225 2
226 1
227 1
228 2
229 1
230 1
231 2
232 2
233 1
234 2
235 2
236 1
237 2
238 1
239 1
240 2
241 1
242 2
243 2
244 1
245 1
246 2
247 1
248 1
249 2
250 2
251 1
252 2
253 1
254 1
255 2
256 1
257 1
258 2
259 2
260 1
261 2
262 2
263 1
264 2
265 1
266 1
267 2
268 1
269 2
270 2
271 1
272 1
273 2
274 1
275 1
276 2
277 1
278 2
279 2
280 1
281 2
282 2
283 1
284 1
285 2
286 1
287 2
288 2
289 1
290 2
291 1
292 1
293 2
294 1
295 1
296 2
297 2
298 1
299 2
300 2
301 1
302 2
303 1
304 1
305 2
306 2
307 1
308 2
309 2
310 1
311 1
312 2
313 1
314 2
315 2
316 1
317 2
318 2
319 1
320 1
321 2
322 1
323 1
324 2
325 2
326 1
327 2
328 1
329 1
330 2
331 1
332 2
333 2
334 1
335 2
336 2
337 1
338 1
339 2
340 1
341 2
342 2
343 1
344 2
345 1
346 1
347 2
348 2
349 1
350 2
351 2
352 1
353 1
354 2
355 1
356 1
357 2
358 1
359 2
360 2
361 1
362 2
363 2
364 1
365 1
366 2
367 1
368 2
369 2
370 1
371 2
372 1
373 1
374 2
375 2
376 1
377 2
378 2
379 1
380 2
381 1
382 1
383 2
384 1
385 2
386 2
387 1
388 1
389 2
390 1
391 1
392 2
393 2
394 1
395 2
396 2
397 1
398 2
399 1
400 1
401 2
402 1
403 1
404 2
405 2
406 1
407 2
408 1
409 1
410 2
411 1
412 2
413 2
414 1
415 2
416 2
417 1
418 1
419 2
420 1
421 1
422 2
423 2
424 1
425 2
426 1
427 1
428 2
429 1
430 1
431 2
432 2
433 1
434 2
435 2
436 1
437 2
438 1
439 1
440 2
441 1
442 2
443 2
444 1
445 1
446 2
447 1
448 1
449 2
450 2
451 1
452 2
453 2
454 1
455 2
456 1
457 1
458 2
459 2
460 1
461 2
462 2
463 1
464 1
465 2
466 1
467 2
468 2
469 1
470 2
471 2
472 1
473 1
474 2
475 1
476 1
477 2
478 2
479 1
480 2
481 1
482 1
483 2
484 1
485 2
486 2
487 1
488 1
489 2
490 1
491 1
492 2
493 1
494 2
495 2
496 1
497 2
498 2
499 1
500 1
501 2
502 1
503 1
504 2
505 2
506 1
507 2
508 1
509 1
510 2
511 1
512 1
513 2
514 2
515 1
516 2
517 2
518 1
519 2
520 1
521 1
522 2
523 2
524 1
525 2
526 2
527 1
528 1
529 2
530 1
531 2
532 2
533 1
534 2
535 1
536 1
537 2
538 1
539 1
540 2
541 2
542 1
543 2
544 2
545 1
546 1
547 2
548 1
549 2
550 2
551 1
552 2
553 2
554 1
555 1
556 2
557 1
558 1
559 2
560 1
561 2
562 2
563 1
564 1
565 2
566 1
567 1
568 2
569 2
570 1
571 2
572 2
573 1
574 2
575 1
576 1
577 2
578 1
579 1
580 2
581 2
582 1
583 2
584 1
585 1
586 2
587 1
588 2
589 2
590 1
591 1
592 2
593 1
594 1
595 2
596 2
597 1
598 2
599 2
600 1
601 2
602 1
603 1
604 2
605 1
606 2
607 2
608 1
609 1
610 2
611 1
612 1
613 2
614 1
615 2
616 2
617 1
618 2
619 2
620 1
621 1
622 2
623 1
624 1
625 2
626 2
627 1
628 2
629 1
630 1
631 2
632 1
633 2
634 2
635 1
636 1
637 2
638 1
639 1
640 2
641 1
642 2
643 2
644 1
645 2
646 1
647 1
648 2
649 2
650 1
651 2
652 2
653 1
654 1
655 2
656 1
657 1
658 2
659 1
660 2
661 2
662 1
663 2
664 2
665 1
666 1
667 2
668 1
669 2
670 2
671 1
672 2
673 1
674 1
675 2
676 2
677 1
678 2
679 2
680 1
681 1
682 2
683 1
684 1
685 2
686 1
687 2
688 2
689 1
690 1
691 2
692 1
693 1
694 2
695 2
696 1
697 2
698 1
699 1
700 2
701 1
702 1
703 2
704 2
705 1
706 2
707 2
708 1
709 1
710 2
711 1
712 2
713 2
714 1
715 2
716 1
717 1
718 2
719 2
720 1
721 2
722 2
723 1
724 2
725 1
726 1
727 2
728 1
729 1
730 2
731 2
732 1
733 2
734 1
735 1
736 2
737 1
738 2
739 2
740 1
741 2
742 2
743 1
744 1
745 2
746 1
747 1
748 2
749 2
750 1
751 2
752 1
753 1
754 2
755 1
756 2
757 2
758 1
759 1
760 2
761 1
762 1
763 2
764 1
765 2
766 2
767 1
768 2
769 1
770 1
771 2
772 2
773 1
774 2
775 2
776 1
777 1
778 2
779 1
780 1
781 2
782 1
783 2
784 2
785 1
786 1
787 2
788 1
789 1
790 2
791 2
792 1
793 2
794 1
795 1
796 2
797 1
798 1
799 2
800 2
801 1
802 2
803 2
804 1
805 2
806 1
807 1
808 2
809 1
810 2
811 2
812 1
813 1
814 2
815 1
816 1
817 2
818 2
819 1
820 2
821 1
822 1
823 2
824 1
825 1
826 2
827 2
828 1
829 2
830 2
831 1
832 1
833 2
834 1
835 2
836 2
837 1
838 2
839 1
840 1
841 2
842 1
843 1
844 2
845 2
846 1
847 2
848 1
849 1
850 2
851 1
852 2
853 2
854 1
855 1
856 2
857 1
858 1
859 2
860 2
861 1
862 2
863 2
864 1
865 2
866 1
867 1
868 2
869 1
870 2
871 2
872 1
873 1
874 2
875 1
876 1
877 2
878 1
879 2
880 2
881 1
882 2
883 2
884 1
885 1
886 2
887 1
888 2
889 2
890 1
891 2
892 1
893 1
894 2
895 2
896 1
897 2
898 2
899 1
900 1
901 2
902 1
903 1
904 2
905 1
906 2
907 2
908 1
909 2
910 2
911 1
912 1
913 2
914 1
915 2
916 2
917 1
918 2
919 1
920 1
921 2
922 1
923 1
924 2
925 2
926 1
927 2
928 2
929 1
930 1
931 2
932 1
933 2
934 2
935 1
936 2
937 1
938 1
939 2
940 2
941 1
942 2
943 2
944 1
945 2
946 1
947 1
948 2
949 1
950 1
951 2
952 2
953 1
954 2
955 1
956 1
957 2
958 1
959 2
960 2
961 1
962 2
963 2
964 1
965 1
966 2
967 1
968 1
969 2
970 1
971 2
972 2
973 1
974 1
975 2
976 1
977 1
978 2
979 2
980 1
981 2
982 1
983 1
984 2
985 1
986 2
987 2
988 1
989 2
990 2
991 1
992 1
993 2
994 1
995 1
996 2
997 2
998 1
999 2
1000 1
1001 1
1002 2
1003 1
1004 1
1005 2
1006 2
1007 1
1008 2
1009 2
1010 1
1011 2
1012 1
1013 1
1014 2
1015 2
1016 1
1017 2
1018 2
1019 1
1020 1
1021 2
1022 1
1023 2
1024 2
1025 1
1026 2
1027 1
1028 1
1029 2
1030 1
1031 1
1032 2
1033 2
1034 1
1035 2
1036 1
1037 1
1038 2
1039 1
1040 2
1041 2
1042 1
1043 1
1044 2
1045 1
1046 1
1047 2
1048 1
1049 2
1050 2
1051 1
1052 2
1053 1
1054 1
1055 2
1056 2
1057 1
1058 2
1059 2
1060 1
1061 1
1062 2
1063 1
1064 2
1065 2
1066 1
1067 2
1068 2
1069 1
1070 1
1071 2
1072 1
1073 1
1074 2
1075 1
1076 2
1077 2
1078 1
1079 1
1080 2
1081 1
1082 1
1083 2
1084 2
1085 1
1086 2
1087 2
1088 1
1089 2
1090 1
1091 1
1092 2
1093 1
1094 2
1095 2
1096 1
1097 1
1098 2
1099 1
1100 1
1101 2
1102 1
1103 2
1104 2
1105 1
1106 2
1107 2
1108 1
1109 1
1110 2
1111 1
1112 1
1113 2
1114 2
1115 1
1116 2
1117 1
1118 1
1119 2
1120 1
1121 2
1122 2
1123 1
1124 1
1125 2
1126 1
1127 1
1128 2
1129 1
1130 2
1131 2
1132 1
1133 2
1134 2
1135 1
1136 1
1137 2
1138 1
1139 2
1140 2
1141 1
1142 2
1143 1
1144 1
1145 2
1146 1
1147 1
1148 2
1149 2
1150 1
1151 2
1152 2
1153 1
1154 2
1155 1
1156 1
1157 2
1158 2
1159 1
1160 2
1161 2
1162 1
1163 1
1164 2
1165 1
1166 2
1167 2
1168 1
1169 2
1170 1
1171 1
1172 2
1173 1
1174 1
1175 2
1176 2
1177 1
1178 2
1179 1
1180 1
1181 2
1182 1
1183 2
1184 2
1185 1
1186 1
1187 2
1188 1
1189 1
1190 2
1191 1
1192 2
1193 2
1194 1
1195 2
1196 1
1197 1
1198 2
1199 2
1200 1
1201 2
1202 2
1203 1
1204 1
1205 2
1206 1
1207 1
1208 2
1209 1
1210 2
1211 2
1212 1
1213 2
1214 2
1215 1
1216 1
1217 2
1218 1
1219 2
1220 2
1221 1
1222 2
1223 1
1224 1
1225 2
1226 2
1227 1
1228 2
1229 2
1230 1
1231 2
1232 1
1233 1
1234 2
1235 1
1236 2
1237 2
1238 1
1239 1
1240 2
1241 1
1242 1
1243 2
1244 2
1245 1
1246 2
1247 1
1248 1
1249 2
1250 1
1251 1
1252 2
1253 2
1254 1
1255 2
1256 2
1257 1
1258 2
1259 1
1260 1
1261 2
1262 1
1263 2
1264 2
1265 1
1266 1
1267 2
1268 1
1269 1
1270 2
1271 1
1272 2
1273 2
1274 1
1275 2
1276 2
1277 1
1278 1
1279 2
1280 1
1281 2
1282 2
1283 1
1284 2
1285 1
1286 1
1287 2
1288 2
1289 1
1290 2
1291 2
1292 1
1293 1
1294 2
1295 1
1296 1
1297 2
1298 1
1299 2
1300 2
1301 1
1302 2
1303 2
1304 1
1305 1
1306 2
1307 1
1308 2
1309 2
1310 1
1311 2
1312 1
1313 1
1314 2
1315 1
1316 1
1317 2
1318 2
1319 1
1320 2
1321 2
1322 1
1323 1
1324 2
1325 1
1326 2
1327 2
1328 1
1329 2
1330 2
1331 1
1332 1
1333 2
1334 1
1335 1
1336 2
1337 1
1338 2
1339 2
1340 1
1341 1
1342 2
1343 1
1344 1
1345 2
1346 2
1347 1
1348 2
1349 1
1350 1
1351 2
1352 1
1353 2
1354 2
1355 1
1356 2
1357 2
1358 1
1359 1
1360 2
1361 1
1362 1
1363 2
1364 2
1365 1
1366 2
1367 1
1368 1
1369 2
1370 1
1371 1
1372 2
1373 2
1374 1
1375 2
1376 2
1377 1
1378 2
1379 1
1380 1
1381 2
1382 1
1383 2
1384 2
1385 1
1386 1
1387 2
1388 1
1389 1
1390 2
1391 2
1392 1
1393 2
1394 1
1395 1
1396 2
1397 1
1398 1
1399 2
1400 2
1401 1
1402 2
1403 2
1404 1
1405 2
1406 1
1407 1
1408 2
1409 2
1410 1
1411 2
1412 2
1413 1
1414 1
1415 2
1416 1
1417 1
1418 2
1419 1
1420 2
1421 2
1422 1
1423 2
1424 1
1425 1
1426 2
1427 2
1428 1
1429 2
1430 2
1431 1
1432 2
1433 1
1434 1
1435 2
1436 1
1437 1
1438 2
1439 2
1440 1
1441 2
1442 2
1443 1
1444 1
1445 2
1446 1
1447 2
1448 2
1449 1
1450 2
1451 1
1452 1
1453 2
1454 1
1455 1
1456 2
1457 2
1458 1
1459 2
1460 1
1461 1
1462 2
1463 1
1464 2
1465 2
1466 1
1467 1
1468 2
1469 1
1470 1
1471 2
1472 1
1473 2
1474 2
1475 1
1476 2
1477 2
1478 1
1479 1
1480 2
1481 1
1482 1
1483 2
1484 2
1485 1
1486 2
1487 1
1488 1
1489 2
1490 1
1491 2
1492 2
1493 1
1494 1
1495 2
1496 1
1497 1
1498 2
1499 1
1500 2
1501 2
1502 1
1503 2
1504 1
1505 1
1506 2
1507 2
1508 1
1509 2
1510 2
1511 1
1512 1
1513 2
1514 1
1515 1
1516 2
1517 1
1518 2
1519 2
1520 1
1521 1
1522 2
1523 1
1524 1
1525 2
1526 2
1527 1
1528 2
1529 1
1530 1
1531 2
1532 1
1533 1
1534 2
1535 2
1536 1
1537 2
1538 2
1539 1
1540 2
1541 1
1542 1
1543 2
1544 1
1545 2
1546 2
1547 1
1548 1
1549 2
1550 1
1551 1
1552 2
1553 1
1554 2
1555 2
1556 1
1557 2
1558 2
1559 1
1560 1
1561 2
1562 1
1563 2
1564 2
1565 1
1566 2
1567 1
1568 1
1569 2
1570 1
1571 1
1572 2
1573 2
1574 1
1575 2
1576 2
1577 1
1578 2
1579 1
1580 1
1581 2
1582 2
1583 1
1584 2
1585 2
1586 1
1587 1
1588 2
1589 1
1590 2
1591 2
1592 1
1593 2
1594 2
1595 1
1596 1
1597 2
1598 1
1599 1
1600 2
1601 2
1602 1
1603 2
1604 1
1605 1
1606 2
1607 1
1608 2
1609 2
1610 1
1611 2
1612 2
1613 1
1614 1
1615 2
1616 1
1617 2
1618 2
1619 1
1620 2
1621 1
1622 1
1623 2
1624 2
1625 1
1626 2
1627 2
1628 1
1629 1
1630 2
1631 1
1632 1
1633 2
1634 1
1635 2
1636 2
1637 1
1638 2
1639 2
1640 1
1641 1
1642 2
1643 1
1644 2
1645 2
1646 1
1647 2
1648 1
1649 1
1650 2
1651 1
1652 1
1653 2
1654 2
1655 1
1656 2
1657 2
1658 1
1659 1
1660 2
1661 1
1662 2
1663 2
1664 1
1665 2
1666 1
1667 1
1668 2
1669 2
1670 1
1671 2
1672 2
1673 1
1674 2
1675 1
1676 1
1677 2
1678 1
1679 1
1680 2
1681 2
1682 1
1683 2
1684 1
1685 1
1686 2
1687 1
1688 2
1689 2
1690 1
1691 2
1692 2
1693 1
1694 1
1695 2
1696 1
1697 1
1698 2
1699 2
1700 1
1701 2
1702 1
1703 1
1704 2
1705 1
1706 1
1707 2
1708 2
1709 1
1710 2
1711 2
1712 1
1713 2
1714 1
1715 1
1716 2
1717 1
1718 2
1719 2
1720 1
1721 1
1722 2
1723 1
1724 1
1725 2
1726 2
1727 1
1728 2
1729 2
1730 1
1731 2
1732 1
1733 1
1734 2
1735 2
1736 1
1737 2
1738 2
1739 1
1740 1
1741 2
1742 1
1743 2
1744 2
1745 1
1746 2
1747 2
1748 1
1749 1
1750 2
1751 1
1752 1
1753 2
1754 1
1755 2
1756 2
1757 1
1758 2
1759 1
1760 1
1761 2
1762 2
1763 1
1764 2
1765 2
1766 1
1767 2
1768 1
1769 1
1770 2
1771 1
1772 1
1773 2
1774 2
1775 1
1776 2
1777 1
1778 1
1779 2
1780 1
1781 2
1782 2
1783 1
1784 2
1785 2
1786 1
1787 1
1788 2
1789 1
1790 1
1791 2
1792 1
1793 2
1794 2
1795 1
1796 1
1797 2
1798 1
1799 1
1800 2
1801 2
1802 1
1803 2
1804 1
1805 1
1806 2
1807 1
1808 2
1809 2
1810 1
1811 2
1812 2
1813 1
1814 1
1815 2
1816 1
1817 1
1818 2
1819 2
1820 1
1821 2
1822 1
1823 1
1824 2
1825 1
1826 1
1827 2
1828 2
1829 1
1830 2
1831 2
1832 1
1833 2
1834 1
1835 1
1836 2
1837 2
1838 1
1839 2
1840 2
1841 1
1842 1
1843 2
1844 1
1845 1
1846 2
1847 1
1848 2
1849 2
1850 1
1851 2
1852 2
1853 1
1854 1
1855 2
1856 1
1857 2
1858 2
1859 1
1860 2
1861 1
1862 1
1863 2
1864 2
1865 1
1866 2
1867 2
1868 1
1869 2
1870 1
1871 1
1872 2
1873 1
1874 2
1875 2
1876 1
1877 1
1878 2
1879 1
1880 1
1881 2
1882 2
1883 1
1884 2
1885 2
1886 1
1887 2
1888 1
1889 1
1890 2
1891 1
1892 1
1893 2
1894 2
1895 1
1896 2
1897 1
1898 1
1899 2
1900 1
1901 2
1902 2
1903 1
1904 2
1905 2
1906 1
1907 1
1908 2
1909 1
1910 1
1911 2
1912 2
1913 1
1914 2
1915 1
1916 1
1917 2
1918 1
1919 1
1920 2
1921 2
1922 1
1923 2
1924 2
1925 1
1926 2
1927 1
1928 1
1929 2
1930 2
1931 1
1932 2
1933 2
1934 1
1935 1
1936 2
1937 1
1938 2
1939 2
1940 1
1941 2
1942 1
1943 1
1944 2
1945 1
1946 1
1947 2
1948 2
1949 1
1950 2
1951 2
1952 1
1953 1
1954 2
1955 1
1956 2
1957 2
1958 1
1959 2
1960 2
1961 1
1962 1
1963 2
1964 1
1965 1
1966 2
1967 1
1968 2
1969 2
1970 1
1971 2
1972 1
1973 1
1974 2
1975 2
1976 1
1977 2
1978 2
1979 1
1980 1
1981 2
1982 1
1983 2
1984 2
1985 1
1986 2
1987 2
1988 1
1989 1
1990 2
1991 1
1992 1
1993 2
1994 2
1995 1
1996 2
1997 1
1998 1
1999 2
2000 1
2001 2
2002 2
2003 1
2004 2
2005 2
2006 1
2007 1
2008 2
2009 1
2010 2
2011 2
2012 1
2013 2
2014 1
2015 1
2016 2
2017 2
2018 1
2019 2
2020 2
2021 1
2022 2
2023 1
2024 1
2025 2
2026 1
2027 1
2028 2
2029 2
2030 1
2031 2
2032 2
2033 1
2034 1
2035 2
2036 1
2037 2
2038 2
2039 1
2040 2
2041 1
2042 1
2043 2
2044 2
2045 1
2046 2
2047 2
2048 1
2049 2
2050 1
2051 1
2052 2
2053 1
2054 2
2055 2
2056 1
2057 1
2058 2
2059 1
2060 1
2061 2
2062 2
2063 1
2064 2
2065 2
2066 1
2067 2
2068 1
2069 1
2070 2
2071 1
2072 1
2073 2
2074 2
2075 1
2076 2
2077 1
2078 1
2079 2
2080 1
2081 2
2082 2
2083 1
2084 1
2085 2
2086 1
2087 1
2088 2
2089 1
2090 2
2091 2
2092 1
2093 2
2094 1
2095 1
2096 2
2097 2
2098 1
2099 2
2100 2
2101 1
2102 1
2103 2
2104 1
2105 1
2106 2
2107 1
2108 2
2109 2
2110 1
2111 1
2112 2
2113 1
2114 1
2115 2
2116 2
2117 1
2118 2
2119 1
2120 1
2121 2
2122 1
2123 2
2124 2
2125 1
2126 2
2127 2
2128 1
2129 1
2130 2
2131 1
2132 1
2133 2
2134 1
2135 2
2136 2
2137 1
2138 1
2139 2
2140 1
2141 1
2142 2
2143 2
2144 1
2145 2
2146 2
2147 1
2148 2
2149 1
2150 1
2151 2
2152 1
2153 2
2154 2
2155 1
2156 1
2157 2
2158 1
2159 1
2160 2
2161 2
2162 1
2163 2
2164 1
2165 1
2166 2
2167 1
2168 1
2169 2
2170 2
2171 1
2172 2
2173 2
2174 1
2175 2
2176 1
2177 1
2178 2
2179 1
2180 2
2181 2
2182 1
2183 1
2184 2
2185 1
2186 1
2187 2
2188 1
2189 2
2190 2
2191 1
2192 2
2193 2
2194 1
2195 1
2196 2
2197 1
2198 2
2199 2
2200 1
2201 2
2202 1
2203 1
2204 2
2205 1
2206 1
2207 2
2208 2
2209 1
2210 2
2211 2
2212 1
2213 1
2214 2
2215 1
2216 2
2217 2
2218 1
2219 2
2220 1
2221 1
2222 2
2223 2
2224 1
2225 2
2226 2
2227 1
2228 2
2229 1
2230 1
2231 2
2232 1
2233 1
2234 2
2235 2
2236 1
2237 2
2238 1
2239 1
2240 2
2241 1
2242 2
2243 2
2244 1
2245 2
2246 2
2247 1
2248 1
2249 2
2250 1
2251 1
2252 2
2253 1
2254 2
2255 2
2256 1
2257 1
2258 2
2259 1
2260 1
2261 2
2262 2
2263 1
2264 2
2265 1
2266 1
2267 2
2268 1
2269 2
2270 2
2271 1
2272 2
2273 2
2274 1
2275 1
2276 2
2277 1
2278 2
2279 2
2280 1
2281 2
2282 1
2283 1
2284 2
2285 2
2286 1
2287 2
2288 2
2289 1
2290 2
2291 1
2292 1
2293 2
2294 1
2295 2
2296 2
2297 1
2298 1
2299 2
2300 1
2301 1
2302 2
2303 2
2304 1
2305 2
2306 2
2307 1
2308 2
2309 1
2310 1
2311 2
2312 1
2313 1
2314 2
2315 2
2316 1
2317 2
2318 1
2319 1
2320 2
2321 1
2322 2
2323 2
2324 1
2325 2
2326 2
2327 1
2328 1
2329 2
2330 1
2331 1
2332 2
2333 2
2334 1
2335 2
2336 1
2337 1
2338 2
2339 1
2340 1
2341 2
2342 2
2343 1
2344 2
2345 2
2346 1
2347 2
2348 1
2349 1
2350 2
2351 1
2352 2
2353 2
2354 1
2355 1
2356 2
2357 1
2358 1
2359 2
2360 2
2361 1
2362 2
2363 2
2364 1
2365 2
2366 1
2367 1
2368 2
2369 2
2370 1
2371 2
2372 2
2373 1
2374 1
2375 2
2376 1
2377 2
2378 2
2379 1
2380 2
2381 2
2382 1
2383 1
2384 2
2385 1
2386 1
2387 2
2388 2
2389 1
2390 2
2391 1
2392 1
2393 2
2394 1
2395 2
2396 2
2397 1
2398 1
2399 2
2400 1
2401 1
2402 2
2403 1
2404 2
2405 2
2406 1
2407 2
2408 2
2409 1
2410 1
2411 2
2412 1
2413 1
2414 2
2415 2
2416 1
2417 2
2418 1
2419 1
2420 2
2421 1
2422 1
2423 2
2424 2
2425 1
2426 2
2427 2
2428 1
2429 2
2430 1
2431 1
2432 2
2433 2
2434 1
2435 2
2436 2
2437 1
2438 1
2439 2
2440 1
2441 2
2442 2
2443 1
2444 2
2445 1
2446 1
2447 2
2448 1
2449 1
2450 2
2451 2
2452 1
2453 2
2454 2
2455 1
2456 1
2457 2
2458 1
2459 2
2460 2
2461 1
2462 2
2463 2
2464 1
2465 1
2466 2
2467 1
2468 1
2469 2
2470 1
2471 2
2472 2
2473 1
2474 2
2475 1
2476 1
2477 2
2478 2
2479 1
2480 2
2481 2
2482 1
2483 1
2484 2
2485 1
2486 2
2487 2
2488 1
2489 2
2490 2
2491 1
2492 1
2493 2
2494 1
2495 1
2496 2
2497 1
2498 2
2499 2
2500 1
2501 1
2502 2
2503 1
2504 1
2505 2
2506 2
2507 1
2508 2
2509 2
2510 1
2511 2
2512 1
2513 1
2514 2
2515 1
2516 2
2517 2
2518 1
2519 1
2520 2
2521 1
2522 1
2523 2
2524 1
2525 2
2526 2
2527 1
2528 2
2529 2
2530 1
2531 1
2532 2
2533 1
2534 1
2535 2
2536 2
2537 1
2538 2
2539 1
2540 1
2541 2
2542 1
2543 2
2544 2
2545 1
2546 1
2547 2
2548 1
2549 1
2550 2
2551 1
2552 2
2553 2
2554 1
2555 2
2556 1
2557 1
2558 2
2559 2
2560 1
2561 2
2562 2
2563 1
2564 1
2565 2
2566 1
2567 1
2568 2
2569 1
2570 2
2571 2
2572 1
2573 2
2574 2
2575 1
2576 1
2577 2
2578 1
2579 2
2580 2
2581 1
2582 2
2583 1
2584 1
2585 2
2586 2
2587 1
2588 2
2589 2
2590 1
2591 1
2592 2
2593 1
2594 1
2595 2
2596 1
2597 2
2598 2
2599 1
2600 1
2601 2
2602 1
2603 1
2604 2
2605 2
2606 1
2607 2
2608 1
2609 1
2610 2
2611 1
2612 1
2613 2
2614 2
2615 1
2616 2
2617 2
2618 1
2619 1
2620 2
2621 1
2622 2
2623 2
2624 1
2625 2
2626 1
2627 1
2628 2
2629 1
2630 1
2631 2
2632 2
2633 1
2634 2
2635 2
2636 1
2637 2
2638 1
2639 1
2640 2
2641 2
2642 1
2643 2
2644 2
2645 1
2646 1
2647 2
2648 1
2649 1
2650 2
2651 1
2652 2
2653 2
2654 1
2655 2
2656 1
2657 1
2658 2
2659 2
2660 1
2661 2
2662 2
2663 1
2664 2
2665 1
2666 1
2667 2
2668 1
2669 1
2670 2
2671 2
2672 1
2673 2
2674 2
2675 1
2676 1
2677 2
2678 1
2679 2
2680 2
2681 1
2682 2
2683 1
2684 1
2685 2
2686 1
2687 1
2688 2
2689 2
2690 1
2691 2
2692 1
2693 1
2694 2
2695 1
2696 2
2697 2
2698 1
2699 1
2700 2
2701 1
2702 1
2703 2
2704 1
2705 2
2706 2
2707 1
2708 2
2709 2
2710 1
2711 1
2712 2
2713 1
2714 1
2715 2
2716 2
2717 1
2718 2
2719 1
2720 1
2721 2
2722 1
2723 2
2724 2
2725 1
2726 1
2727 2
2728 1
2729 1
2730 2
2731 1
2732 2
2733 2
2734 1
2735 2
2736 1
2737 1
2738 2
2739 2
2740 1
2741 2
2742 2
2743 1
2744 1
2745 2
2746 1
2747 1
2748 2
2749 1
2750 2
2751 2
2752 1
2753 1
2754 2
2755 1
2756 1
2757 2
2758 2
2759 1
2760 2
2761 1
2762 1
2763 2
2764 1
2765 2
2766 2
2767 1
2768 2
2769 2
2770 1
2771 1
2772 2
2773 1
2774 1
2775 2
2776 2
2777 1
2778 2
2779 1
2780 1
2781 2
2782 1
2783 1
2784 2
2785 2
2786 1
2787 2
2788 2
2789 1
2790 2
2791 1
2792 1
2793 2
2794 2
2795 1
2796 2
2797 2
2798 1
2799 1
2800 2
2801 1
2802 1
2803 2
2804 1
2805 2
2806 2
2807 1
2808 2
2809 2
2810 1
2811 1
2812 2
2813 1
2814 2
2815 2
2816 1
2817 2
2818 1
2819 1
2820 2
2821 2
2822 1
2823 2
2824 2
2825 1
2826 1
2827 2
2828 1
2829 1
2830 2
2831 1
2832 2
2833 2
2834 1
2835 2
2836 1
2837 1
2838 2
2839 2
2840 1
2841 2
2842 2
2843 1
2844 2
2845 1
2846 1
2847 2
2848 1
2849 1
2850 2
2851 2
2852 1
2853 2
2854 2
2855 1
2856 1
2857 2
2858 1
2859 2
2860 2
2861 1
2862 2
2863 1
2864 1
2865 2
2866 2
2867 1
2868 2
2869 2
2870 1
2871 2
2872 1
2873 1
2874 2
2875 1
2876 2
2877 2
2878 1
2879 1
2880 2
2881 1
2882 1
2883 2
2884 2
2885 1
2886 2
2887 2
2888 1
2889 2
2890 1
2891 1
2892 2
2893 2
2894 1
2895 2
2896 2
2897 1
2898 1
2899 2
2900 1
2901 2
2902 2
2903 1
2904 2
2905 2
2906 1
2907 1
2908 2
2909 1
2910 1
2911 2
2912 1
2913 2
2914 2
2915 1
2916 2
2917 1
2918 1
2919 2
2920 2
2921 1
2922 2
2923 2
2924 1
2925 1
2926 2
2927 1
2928 2
2929 2
2930 1
2931 2
2932 2
2933 1
2934 1
2935 2
2936 1
2937 1
2938 2
2939 2
2940 1
2941 2
2942 1
2943 1
2944 2
2945 1
2946 2
2947 2
2948 1
2949 2
2950 2
2951 1
2952 1
2953 2
2954 1
2955 1
2956 2
2957 1
2958 2
2959 2
2960 1
2961 1
2962 2
2963 1
2964 1
2965 2
2966 2
2967 1
2968 2
2969 1
2970 1
2971 2
2972 1
2973 1
2974 2
2975 2
2976 1
2977 2
2978 2
2979 1
2980 1
2981 2
2982 1
2983 2
2984 2
2985 1
2986 2
2987 1
2988 1
2989 2
2990 2
2991 1
2992 2
2993 2
2994 1
2995 2
2996 1
2997 1
2998 2
2999 1
3000 1
3001 2
3002 2
3003 1
3004 2
3005 2
3006 1
3007 1
3008 2
3009 1
3010 2
3011 2
3012 1
3013 2
3014 2
3015 1
3016 1
3017 2
3018 1
3019 1
3020 2
3021 1
3022 2
3023 2
3024 1
3025 1
3026 2
3027 1
3028 1
3029 2
3030 2
3031 1
3032 2
3033 2
3034 1
3035 2
3036 1
3037 1
3038 2
3039 1
3040 2
3041 2
3042 1
3043 1
3044 2
3045 1
3046 1
3047 2
3048 2
3049 1
3050 2
3051 1
3052 1
3053 2
3054 1
3055 1
3056 2
3057 2
3058 1
3059 2
3060 2
3061 1
3062 2
3063 1
3064 1
3065 2
3066 2
3067 1
3068 2
3069 2
3070 1
3071 1
3072 2
3073 1
3074 1
3075 2
3076 1
3077 2
3078 2
3079 1
3080 2
3081 2
3082 1
3083 1
3084 2
3085 1
3086 2
3087 2
3088 1
3089 2
3090 1
3091 1
3092 2
3093 2
3094 1
3095 2
3096 2
3097 1
3098 1
3099 2
3100 1
3101 1
3102 2
3103 1
3104 2
3105 2
3106 1
3107 2
3108 1
3109 1
3110 2
3111 2
3112 1
3113 2
3114 2
3115 1
3116 2
3117 1
3118 1
3119 2
3120 1
3121 1
3122 2
3123 2
3124 1
3125 2
3126 1
3127 1
3128 2
3129 1
3130 2
3131 2
3132 1
3133 2
3134 2
3135 1
3136 1
3137 2
3138 1
3139 1
3140 2
3141 1
3142 2
3143 2
3144 1
3145 1
3146 2
3147 1
3148 1
3149 2
3150 2
3151 1
3152 2
3153 1
3154 1
3155 2
3156 1
3157 2
3158 2
3159 1
3160 2
3161 2
3162 1
3163 1
3164 2
3165 1
3166 2
3167 2
3168 1
3169 2
3170 1
3171 1
3172 2
3173 2
3174 1
3175 2
3176 2
3177 1
3178 2
3179 1
3180 1
3181 2
3182 1
3183 1
3184 2
3185 2
3186 1
3187 2
3188 2
3189 1
3190 1
3191 2
3192 1
3193 2
3194 2
3195 1
3196 2
3197 1
3198 1
3199 2
3200 1
3201 1
3202 2
3203 2
3204 1
3205 2
3206 1
3207 1
3208 2
3209 1
3210 2
3211 2
3212 1
3213 1
3214 2
3215 1
3216 1
3217 2
3218 2
3219 1
3220 2
3221 2
3222 1
3223 2
3224 1
3225 1
3226 2
3227 1
3228 1
3229 2
3230 2
3231 1
3232 2
3233 1
3234 1
3235 2
3236 1
3237 2
3238 2
3239 1
3240 1
3241 2
3242 1
3243 1
3244 2
3245 1
3246 2
3247 2
3248 1
3249 2
3250 1
3251 1
3252 2
3253 2
3254 1
3255 2
3256 2
3257 1
3258 1
3259 2
3260 1
3261 1
3262 2
3263 1
3264 2
3265 2
3266 1
3267 2
3268 2
3269 1
3270 1
3271 2
3272 1
3273 2
3274 2
3275 1
3276 2
3277 1
3278 1
3279 2
3280 1
3281 1
3282 2
3283 2
3284 1
3285 2
3286 2
3287 1
3288 1
3289 2
3290 1
3291 2
3292 2
3293 1
3294 2
3295 2
3296 1
3297 1
3298 2
3299 1
3300 1
3301 2
3302 1
3303 2
3304 2
3305 1
3306 2
3307 1
3308 1
3309 2
3310 2
3311 1
3312 2
3313 2
3314 1
3315 1
3316 2
3317 1
3318 2
3319 2
3320 1
3321 2
3322 2
3323 1
3324 1
3325 2
3326 1
3327 1
3328 2
3329 1
3330 2
3331 2
3332 1
3333 1
3334 2
3335 1
3336 1
3337 2
3338 2
3339 1
3340 2
3341 2
3342 1
3343 2
3344 1
3345 1
3346 2
3347 1
3348 2
3349 2
3350 1
3351 1
3352 2
3353 1
3354 1
3355 2
3356 1
3357 2
3358 2
3359 1
3360 2
3361 2
3362 1
3363 1
3364 2
3365 1
3366 1
3367 2
3368 2
3369 1
3370 2
3371 1
3372 1
3373 2
3374 1
3375 2
3376 2
3377 1
3378 2
3379 2
3380 1
3381 1
3382 2
3383 1
3384 2
3385 2
3386 1
3387 2
3388 1
3389 1
3390 2
3391 2
3392 1
3393 2
3394 2
3395 1
3396 2
3397 1
3398 1
3399 2
3400 1
3401 1
3402 2
3403 2
3404 1
3405 2
3406 2
3407 1
3408 1
3409 2
3410 1
3411 2
3412 2
3413 1
3414 2
3415 2
3416 1
3417 1
3418 2
3419 1
3420 1
3421 2
3422 1
3423 2
3424 2
3425 1
3426 1
3427 2
3428 1
3429 1
3430 2
3431 2
3432 1
3433 2
3434 2
3435 1
3436 2
3437 1
3438 1
3439 2
3440 1
3441 1
3442 2
3443 2
3444 1
3445 2
3446 1
3447 1
3448 2
3449 1
3450 2
3451 2
3452 1
3453 1
3454 2
3455 1
3456 1
3457 2
3458 2
3459 1
3460 2
3461 2
3462 1
3463 2
3464 1
3465 1
3466 2
3467 1
3468 2
3469 2
3470 1
3471 1
3472 2
3473 1
3474 1
3475 2
3476 1
3477 2
3478 2
3479 1
3480 2
3481 2
3482 1
3483 1
3484 2
3485 1
3486 1
3487 2
3488 2
3489 1
3490 2
3491 1
3492 1
3493 2
3494 1
3495 2
3496 2
3497 1
3498 1
3499 2
3500 1
3501 1
3502 2
3503 1
3504 2
3505 2
3506 1
3507 2
3508 1
3509 1
3510 2
3511 2
3512 1
3513 2
3514 2
3515 1
3516 1
3517 2
3518 1
3519 1
3520 2
3521 1
3522 2
3523 2
3524 1
3525 2
3526 2
3527 1
3528 1
3529 2
3530 1
3531 2
3532 2
3533 1
3534 2
3535 1
3536 1
3537 2
3538 2
3539 1
3540 2
3541 2
3542 1
3543 1
3544 2
3545 1
3546 1
3547 2
3548 1
3549 2
3550 2
3551 1
3552 1
3553 2
3554 1
3555 1
3556 2
3557 2
3558 1
3559 2
3560 1
3561 1
3562 2
3563 1
3564 1
3565 2
3566 2
3567 1
3568 2
3569 2
3570 1
3571 1
3572 2
3573 1
3574 2
3575 2
3576 1
3577 2
3578 1
3579 1
3580 2
3581 2
3582 1
3583 2
3584 2
3585 1
3586 2
3587 1
3588 1
3589 2
3590 1
3591 1
3592 2
3593 2
3594 1
3595 2
3596 1
3597 1
3598 2
3599 1
3600 2
3601 2
3602 1
3603 2
3604 2
3605 1
3606 1
3607 2
3608 1
3609 1
3610 2
3611 2
3612 1
3613 2
3614 1
3615 1
3616 2
3617 1
3618 2
3619 2
3620 1
3621 1
3622 2
3623 1
3624 1
3625 2
3626 1
3627 2
3628 2
3629 1
3630 2
3631 1
3632 1
3633 2
3634 2
3635 1
3636 2
3637 2
3638 1
3639 1
3640 2
3641 1
3642 1
3643 2
3644 1
3645 2
3646 2
3647 1
3648 1
3649 2
3650 1
3651 1
3652 2
3653 2
3654 1
3655 2
3656 1
3657 1
3658 2
3659 1
3660 1
3661 2
3662 2
3663 1
3664 2
3665 2
3666 1
3667 2
3668 1
3669 1
3670 2
3671 1
3672 2
3673 2
3674 1
3675 1
3676 2
3677 1
3678 1
3679 2
3680 2
3681 1
3682 2
3683 1
3684 1
3685 2
3686 1
3687 1
3688 2
3689 2
3690 1
3691 2
3692 2
3693 1
3694 1
3695 2
3696 1
3697 2
3698 2
3699 1
3700 2
3701 1
3702 1
3703 2
3704 1
3705 1
3706 2
3707 2
3708 1
3709 2
3710 2
3711 1
3712 2
3713 1
3714 1
3715 2
3716 2
3717 1
3718 2
3719 2
3720 1
3721 1
3722 2
3723 1
3724 2
3725 2
3726 1
3727 2
3728 2
3729 1
3730 1
3731 2
3732 1
3733 1
3734 2
3735 2
3736 1
3737 2
3738 1
3739 1
3740 2
3741 1
3742 2
3743 2
3744 1
3745 2
3746 2
3747 1
3748 1
3749 2
3750 1
3751 2
3752 2
3753 1
3754 2
3755 1
3756 1
3757 2
3758 2
3759 1
3760 2
3761 2
3762 1
3763 1
3764 2
3765 1
3766 1
3767 2
3768 1
3769 2
3770 2
3771 1
3772 2
3773 2
3774 1
3775 1
3776 2
3777 1
3778 2
3779 2
3780 1
3781 2
3782 1
3783 1
3784 2
3785 1
3786 1
3787 2
3788 2
3789 1
3790 2
3791 2
3792 1
3793 1
3794 2
3795 1
3796 2
3797 2
3798 1
3799 2
3800 1
3801 1
3802 2
3803 2
3804 1
3805 2
3806 2
3807 1
3808 2
3809 1
3810 1
3811 2
3812 1
3813 1
3814 2
3815 2
3816 1
3817 2
3818 1
3819 1
3820 2
3821 1
3822 2
3823 2
3824 1
3825 2
3826 2
3827 1
3828 1
3829 2
3830 1
3831 1
3832 2
3833 1
3834 2
3835 2
3836 1
3837 1
3838 2
3839 1
3840 1
3841 2
3842 2
3843 1
3844 2
3845 1
3846 1
3847 2
3848 1
3849 2
3850 2
3851 1
3852 2
3853 2
3854 1
3855 1
3856 2
3857 1
3858 1
3859 2
3860 2
3861 1
3862 2
3863 1
3864 1
3865 2
3866 1
3867 1
3868 2
3869 2
3870 1
3871 2
3872 2
3873 1
3874 2
3875 1
3876 1
3877 2
3878 2
3879 1
3880 2
3881 2
3882 1
3883 1
3884 2
3885 1
3886 2
3887 2
3888 1
3889 2
3890 1
3891 1
3892 2
3893 1
3894 1
3895 2
3896 2
3897 1
3898 2
3899 1
3900 1
3901 2
3902 1
3903 2
3904 2
3905 1
3906 1
3907 2
3908 1
3909 1
3910 2
3911 1
3912 2
3913 2
3914 1
3915 2
3916 1
3917 1
3918 2
3919 2
3920 1
3921 2
3922 2
3923 1
3924 1
3925 2
3926 1
3927 2
3928 2
3929 1
3930 2
3931 2
3932 1
3933 1
3934 2
3935 1
3936 1
3937 2
3938 1
3939 2
3940 2
3941 1
3942 2
3943 1
3944 1
3945 2
3946 2
3947 1
3948 2
3949 2
3950 1
3951 1
3952 2
3953 1
3954 1
3955 2
3956 1
3957 2
3958 2
3959 1
3960 1
3961 2
3962 1
3963 1
3964 2
3965 2
3966 1
3967 2
3968 1
3969 1
3970 2
3971 1
3972 2
3973 2
3974 1
3975 2
3976 2
3977 1
3978 1
3979 2
3980 1
3981 1
3982 2
3983 1
3984 2
3985 2
3986 1
3987 1
3988 2
3989 1
3990 1
3991 2
3992 2
3993 1
3994 2
3995 2
3996 1
3997 2
3998 1
3999 1
4000 2
4001 1
4002 2
4003 2
4004 1
4005 1
4006 2
4007 1
4008 1
4009 2
4010 2
4011 1
4012 2
4013 1
4014 1
4015 2
4016 1
4017 1
4018 2
4019 2
4020 1
4021 2
4022 2
4023 1
4024 2
4025 1
4026 1
4027 2
4028 1
4029 2
4030 2
4031 1
4032 1
4033 2
4034 1
4035 1
4036 2
4037 1
4038 2
4039 2
4040 1
4041 2
4042 2
4043 1
4044 1
4045 2
4046 1
4047 2
4048 2
4049 1
4050 2
4051 1
4052 1
4053 2
4054 1
4055 1
4056 2
4057 2
4058 1
4059 2
4060 2
4061 1
4062 1
4063 2
4064 1
4065 2
4066 2
4067 1
4068 2
4069 1
4070 1
4071 2
4072 2
4073 1
4074 2
4075 2
4076 1
4077 2
4078 1
4079 1
4080 2
4081 1
4082 1
4083 2
4084 2
4085 1
4086 2
4087 1
4088 1
4089 2
4090 1
4091 2
4092 2
4093 1
4094 2
4095 2
4096 1
4097 1
4098 2
4099 1
4100 1
4101 2
4102 1
4103 2
4104 2
4105 1
4106 1
4107 2
4108 1
4109 1
4110 2
4111 2
4112 1
4113 2
4114 1
4115 1
4116 2
4117 1
4118 2
4119 2
4120 1
4121 2
4122 2
4123 1
4124 1
4125 2
4126 1
4127 2
4128 2
4129 1
4130 2
4131 1
4132 1
4133 2
4134 2
4135 1
4136 2
4137 2
4138 1
4139 2
4140 1
4141 1
4142 2
4143 1
4144 1
4145 2
4146 2
4147 1
4148 2
4149 2
4150 1
4151 1
4152 2
4153 1
4154 2
4155 2
4156 1
4157 2
4158 1
4159 1
4160 2
4161 2
4162 1
4163 2
4164 2
4165 1
4166 2
4167 1
4168 1
4169 2
4170 1
4171 2
4172 2
4173 1
4174 1
4175 2
4176 1
4177 1
4178 2
4179 2
4180 1
4181 2
4182 2
4183 1
4184 2
4185 1
4186 1
4187 2
4188 2
4189 1
4190 2
4191 2
4192 1
4193 1
4194 2
4195 1
4196 2
4197 2
4198 1
4199 2
4200 1
4201 1
4202 2
4203 1
4204 1
4205 2
4206 2
4207 1
4208 2
4209 2
4210 1
4211 1
4212 2
4213 1
4214 2
4215 2
4216 1
4217 2
4218 2
4219 1
4220 1
4221 2
4222 1
4223 1
4224 2
4225 1
4226 2
4227 2
4228 1
4229 1
4230 2
4231 1
4232 1
4233 2
4234 2
4235 1
4236 2
4237 1
4238 1
4239 2
4240 1
4241 2
4242 2
4243 1
4244 2
4245 2
4246 1
4247 1
4248 2
4249 1
4250 1
4251 2
4252 1
4253 2
4254 2
4255 1
4256 1
4257 2
4258 1
4259 1
4260 2
4261 2
4262 1
4263 2
4264 2
4265 1
4266 2
4267 1
4268 1
4269 2
4270 1
4271 2
4272 2
4273 1
4274 1
4275 2
4276 1
4277 1
4278 2
4279 2
4280 1
4281 2
4282 1
4283 1
4284 2
4285 1
4286 1
4287 2
4288 2
4289 1
4290 2
4291 2
4292 1
4293 2
4294 1
4295 1
4296 2
4297 2
4298 1
4299 2
4300 2
4301 1
4302 1
4303 2
4304 1
4305 1
4306 2
4307 1
4308 2
4309 2
4310 1
4311 2
4312 2
4313 1
4314 1
4315 2
4316 1
4317 2
4318 2
4319 1
4320 2
4321 1
4322 1
4323 2
4324 2
4325 1
4326 2
4327 2
4328 1
4329 1
4330 2
4331 1
4332 1
4333 2
4334 1
4335 2
4336 2
4337 1
4338 1
4339 2
4340 1
4341 1
4342 2
4343 2
4344 1
4345 2
4346 1
4347 1
4348 2
4349 1
4350 1
4351 2
4352 2
4353 1
4354 2
4355 2
4356 1
4357 1
4358 2
4359 1
4360 2
4361 2
4362 1
4363 2
4364 1
4365 1
4366 2
4367 1
4368 1
4369 2
4370 2
4371 1
4372 2
4373 2
4374 1
4375 2
4376 1
4377 1
4378 2
4379 2
4380 1
4381 2
4382 2
4383 1
4384 1
4385 2
4386 1
4387 2
4388 2
4389 1
4390 2
4391 2
4392 1
4393 1
4394 2
4395 1
4396 1
4397 2
4398 2
4399 1
4400 2
4401 1
4402 1
4403 2
4404 1
4405 2
4406 2
4407 1
4408 1
4409 2
4410 1
4411 1
4412 2
4413 1
4414 2
4415 2
4416 1
4417 2
4418 2
4419 1
4420 1
4421 2
4422 1
4423 1
4424 2
4425 2
4426 1
4427 2
4428 1
4429 1
4430 2
4431 1
4432 2
4433 2
4434 1
4435 2
4436 2
4437 1
4438 1
4439 2
4440 1
4441 2
4442 2
4443 1
4444 2
4445 1
4446 1
4447 2
4448 2
4449 1
4450 2
4451 2
4452 1
4453 2
4454 1
4455 1
4456 2
4457 1
4458 2
4459 2
4460 1
4461 1
4462 2
4463 1
4464 1
4465 2
4466 2
4467 1
4468 2
4469 1
4470 1
4471 2
4472 1
4473 1
4474 2
4475 2
4476 1
4477 2
4478 2
4479 1
4480 2
4481 1
4482 1
4483 2
4484 2
4485 1
4486 2
4487 2
4488 1
4489 1
4490 2
4491 1
4492 1
4493 2
4494 1
4495 2
4496 2
4497 1
4498 2
4499 1
4500 1
4501 2
4502 2
4503 1
4504 2
4505 2
4506 1
4507 1
4508 2
4509 1
4510 2
4511 2
4512 1
4513 2
4514 2
4515 1
4516 1
4517 2
4518 1
4519 1
4520 2
4521 2
4522 1
4523 2
4524 1
4525 1
4526 2
4527 1
4528 2
4529 2
4530 1
4531 2
4532 2
4533 1
4534 1
4535 2
4536 1
4537 2
4538 2
4539 1
4540 2
4541 1
4542 1
4543 2
4544 2
4545 1
4546 2
4547 2
4548 1
4549 1
4550 2
4551 1
4552 1
4553 2
4554 1
4555 2
4556 2
4557 1
4558 2
4559 2
4560 1
4561 1
4562 2
4563 1
4564 2
4565 2
4566 1
4567 2
4568 1
4569 1
4570 2
4571 2
4572 1
4573 2
4574 2
4575 1
4576 2
4577 1
4578 1
4579 2
4580 1
4581 2
4582 2
4583 1
4584 1
4585 2
4586 1
4587 1
4588 2
4589 2
4590 1
4591 2
4592 2
4593 1
4594 2
4595 1
4596 1
4597 2
4598 2
4599 1
4600 2
4601 2
4602 1
4603 1
4604 2
4605 1
4606 2
4607 2
4608 1
4609 2
4610 1
4611 1
4612 2
4613 1
4614 1
4615 2
4616 2
4617 1
4618 2
4619 2
4620 1
4621 1
4622 2
4623 1
4624 2
4625 2
4626 1
4627 2
4628 2
4629 1
4630 1
4631 2
4632 1
4633 1
4634 2
4635 1
4636 2
4637 2
4638 1
4639 1
4640 2
4641 1
4642 1
4643 2
4644 2
4645 1
4646 2
4647 1
4648 1
4649 2
4650 1
4651 2
4652 2
4653 1
4654 2
4655 2
4656 1
4657 1
4658 2
4659 1
4660 1
4661 2
4662 1
4663 2
4664 2
4665 1
4666 1
4667 2
4668 1
4669 1
4670 2
4671 2
4672 1
4673 2
4674 2
4675 1
4676 2
4677 1
4678 1
4679 2
4680 1
4681 2
4682 2
4683 1
4684 1
4685 2
4686 1
4687 1
4688 2
4689 1
4690 2
4691 2
4692 1
4693 2
4694 2
4695 1
4696 1
4697 2
4698 1
4699 1
4700 2
4701 2
4702 1
4703 2
4704 1
4705 1
4706 2
4707 1
4708 2
4709 2
4710 1
4711 2
4712 2
4713 1
4714 1
4715 2
4716 1
4717 2
4718 2
4719 1
4720 2
4721 1
4722 1
4723 2
4724 2
4725 1
4726 2
4727 2
4728 1
4729 2
4730 1
4731 1
4732 2
4733 1
4734 1
4735 2
4736 2
4737 1
4738 2
4739 2
4740 1
4741 1
4742 2
4743 1
4744 2
4745 2
4746 1
4747 2
4748 2
4749 1
4750 1
4751 2
4752 1
4753 1
4754 2
4755 1
4756 2
4757 2
4758 1
4759 1
4760 2
4761 1
4762 1
4763 2
4764 2
4765 1
4766 2
4767 2
4768 1
4769 2
4770 1
4771 1
4772 2
4773 1
4774 2
4775 2
4776 1
4777 1
4778 2
4779 1
4780 1
4781 2
4782 2
4783 1
4784 2
4785 1
4786 1
4787 2
4788 1
4789 1
4790 2
4791 2
4792 1
4793 2
4794 2
4795 1
4796 2
4797 1
4798 1
4799 2
4800 1
4801 2
4802 2
4803 1
4804 1
4805 2
4806 1
4807 1
4808 2
4809 1
4810 2
4811 2
4812 1
4813 2
4814 2
4815 1
4816 1
4817 2
4818 1
4819 2
4820 2
4821 1
4822 2
4823 1
4824 1
4825 2
4826 2
4827 1
4828 2
4829 2
4830 1
4831 1
4832 2
4833 1
4834 1
4835 2
4836 1
4837 2
4838 2
4839 1
4840 2
4841 1
4842 1
4843 2
4844 2
4845 1
4846 2
4847 2
4848 1
4849 2
4850 1
4851 1
4852 2
4853 1
4854 1
4855 2
4856 2
4857 1
4858 2
4859 1
4860 1
4861 2
4862 1
4863 2
4864 2
4865 1
4866 2
4867 2
4868 1
4869 1
4870 2
4871 1
4872 1
4873 2
4874 1
4875 2
4876 2
4877 1
4878 1
4879 2
4880 1
4881 1
4882 2
4883 2
4884 1
4885 2
4886 1
4887 1
4888 2
4889 1
4890 2
4891 2
4892 1
4893 2
4894 2
4895 1
4896 1
4897 2
4898 1
4899 1
4900 2
4901 2
4902 1
4903 2
4904 1
4905 1
4906 2
4907 1
4908 1
4909 2
4910 2
4911 1
4912 2
4913 2
4914 1
4915 2
4916 1
4917 1
4918 2
4919 1
4920 2
4921 2
4922 1
4923 1
4924 2
4925 1
4926 1
4927 2
4928 2
4929 1
4930 2
4931 1
4932 1
4933 2
4934 1
4935 1
4936 2
4937 2
4938 1
4939 2
4940 2
4941 1
4942 1
4943 2
4944 1
4945 2
4946 2
4947 1
4948 2
4949 1
4950 1
4951 2
4952 1
4953 1
4954 2
4955 2
4956 1
4957 2
4958 2
4959 1
4960 2
4961 1
4962 1
4963 2
4964 2
4965 1
4966 2
4967 2
4968 1
4969 1
4970 2
4971 1
4972 2
4973 2
4974 1
4975 2
4976 2
4977 1
4978 1
4979 2
4980 1
4981 1
4982 2
4983 2
4984 1
4985 2
4986 1
4987 1
4988 2
4989 1
4990 2
4991 2
4992 1
4993 2
4994 2
4995 1
4996 1
4997 2
4998 1
4999 2
5000 2
5001 1
5002 2
5003 1
5004 1
5005 2
5006 2
5007 1
5008 2
5009 2
5010 1
5011 1
5012 2
5013 1
5014 1
5015 2
5016 1
5017 2
5018 2
5019 1
5020 2
5021 2
5022 1
5023 1
5024 2
5025 1
5026 2
5027 2
5028 1
5029 2
5030 1
5031 1
5032 2
5033 1
5034 1
5035 2
5036 2
5037 1
5038 2
5039 2
5040 1
5041 1
5042 2
5043 1
5044 2
5045 2
5046 1
5047 2
5048 1
5049 1
5050 2
5051 2
5052 1
5053 2
5054 2
5055 1
5056 2
5057 1
5058 1
5059 2
5060 1
5061 1
5062 2
5063 2
5064 1
5065 2
5066 2
5067 1
5068 1
5069 2
5070 1
5071 2
5072 2
5073 1
5074 2
5075 2
5076 1
5077 1
5078 2
5079 1
5080 1
5081 2
5082 1
5083 2
5084 2
5085 1
5086 1
5087 2
5088 1
5089 1
5090 2
5091 2
5092 1
5093 2
5094 2
5095 1
5096 2
5097 1
5098 1
5099 2
5100 1
5101 2
5102 2
5103 1
5104 1
5105 2
5106 1
5107 1
5108 2
5109 2
5110 1
5111 2
5112 1
5113 1
5114 2
5115 1
5116 1
5117 2
5118 2
5119 1
5120 2
5121 2
5122 1
5123 1
5124 2
5125 1
5126 2
5127 2
5128 1
5129 2
5130 1
5131 1
5132 2
5133 1
5134 1
5135 2
5136 2
5137 1
5138 2
5139 1
5140 1
5141 2
5142 1
5143 2
5144 2
5145 1
5146 1
5147 2
5148 1
5149 1
5150 2
5151 2
5152 1
5153 2
5154 2
5155 1
5156 2
5157 1
5158 1
5159 2
5160 1
5161 2
5162 2
5163 1
5164 1
5165 2
5166 1
5167 1
5168 2
5169 1
5170 2
5171 2
5172 1
5173 2
5174 2
5175 1
5176 1
5177 2
5178 1
5179 2
5180 2
5181 1
5182 2
5183 1
5184 1
5185 2
5186 2
5187 1
5188 2
5189 2
5190 1
5191 1
5192 2
5193 1
5194 1
5195 2
5196 1
5197 2
5198 2
5199 1
5200 2
5201 2
5202 1
5203 1
5204 2
5205 1
5206 2
5207 2
5208 1
5209 2
5210 1
5211 1
5212 2
5213 1
5214 1
5215 2
5216 2
5217 1
5218 2
5219 2
5220 1
5221 1
5222 2
5223 1
5224 2
5225 2
5226 1
5227 2
5228 1
5229 1
5230 2
5231 2
5232 1
5233 2
5234 2
5235 1
5236 2
5237 1
5238 1
5239 2
5240 1
5241 1
5242 2
5243 2
5244 1
5245 2
5246 1
5247 1
5248 2
5249 1
5250 2
5251 2
5252 1
5253 2
5254 2
5255 1
5256 1
5257 2
5258 1
5259 1
5260 2
5261 1
5262 2
5263 2
5264 1
5265 1
5266 2
5267 1
5268 1
5269 2
5270 2
5271 1
5272 2
5273 1
5274 1
5275 2
5276 1
5277 2
5278 2
5279 1
5280 2
5281 2
5282 1
5283 1
5284 2
5285 1
5286 1
5287 2
5288 2
5289 1
5290 2
5291 1
5292 1
5293 2
5294 1
5295 1
5296 2
5297 2
5298 1
5299 2
5300 2
5301 1
5302 2
5303 1
5304 1
5305 2
5306 2
5307 1
5308 2
5309 2
5310 1
5311 1
5312 2
5313 1
5314 2
5315 2
5316 1
5317 2
5318 1
5319 1
5320 2
5321 1
5322 1
5323 2
5324 2
5325 1
5326 2
5327 1
5328 1
5329 2
5330 1
5331 2
5332 2
5333 1
5334 1
5335 2
5336 1
5337 1
5338 2
5339 1
5340 2
5341 2
5342 1
5343 2
5344 1
5345 1
5346 2
5347 2
5348 1
5349 2
5350 2
5351 1
5352 1
5353 2
5354 1
5355 2
5356 2
5357 1
5358 2
5359 2
5360 1
5361 1
5362 2
5363 1
5364 1
5365 2
5366 1
5367 2
5368 2
5369 1
5370 1
5371 2
5372 1
5373 1
5374 2
5375 2
5376 1
5377 2
5378 2
5379 1
5380 2
5381 1
5382 1
5383 2
5384 1
5385 2
5386 2
5387 1
5388 1
5389 2
5390 1
5391 1
5392 2
5393 1
5394 2
5395 2
5396 1
5397 2
5398 2
5399 1
5400 1
5401 2
5402 1
5403 1
5404 2
5405 2
5406 1
5407 2
5408 1
5409 1
5410 2
5411 1
5412 2
5413 2
5414 1
5415 1
5416 2
5417 1
5418 1
5419 2
5420 1
5421 2
5422 2
5423 1
5424 2
5425 2
5426 1
5427 1
5428 2
5429 1
5430 2
5431 2
5432 1
5433 2
5434 1
5435 1
5436 2
5437 1
5438 1
5439 2
5440 2
5441 1
5442 2
5443 2
5444 1
5445 2
5446 1
5447 1
5448 2
5449 2
5450 1
5451 2
5452 2
5453 1
5454 1
5455 2
5456 1
5457 2
5458 2
5459 1
5460 2
5461 1
5462 1
5463 2
5464 1
5465 1
5466 2
5467 2
5468 1
5469 2
5470 1
5471 1
5472 2
5473 1
5474 2
5475 2
5476 1
5477 1
5478 2
5479 1
5480 1
5481 2
5482 1
5483 2
5484 2
5485 1
5486 2
5487 1
5488 1
5489 2
5490 2
5491 1
5492 2
5493 2
5494 1
5495 1
5496 2
5497 1
5498 1
5499 2
5500 1
5501 2
5502 2
5503 1
5504 2
5505 2
5506 1
5507 1
5508 2
5509 1
5510 2
5511 2
5512 1
5513 2
5514 1
5515 1
5516 2
5517 2
5518 1
5519 2
5520 2
5521 1
5522 2
5523 1
5524 1
5525 2
5526 1
5527 2
5528 2
5529 1
5530 1
5531 2
5532 1
5533 1
5534 2
5535 2
5536 1
5537 2
5538 1
5539 1
5540 2
5541 1
5542 1
5543 2
5544 2
5545 1
5546 2
5547 2
5548 1
5549 2
5550 1
5551 1
5552 2
5553 1
5554 2
5555 2
5556 1
5557 1
5558 2
5559 1
5560 1
5561 2
5562 2
5563 1
5564 2
5565 2
5566 1
5567 2
5568 1
5569 1
5570 2
5571 2
5572 1
5573 2
5574 2
5575 1
5576 1
5577 2
5578 1
5579 2
5580 2
5581 1
5582 2
5583 2
5584 1
5585 1
5586 2
5587 1
5588 1
5589 2
5590 2
5591 1
5592 2
5593 1
5594 1
5595 2
5596 1
5597 2
5598 2
5599 1
5600 1
5601 2
5602 1
5603 1
5604 2
5605 1
5606 2
5607 2
5608 1
5609 2
5610 2
5611 1
5612 1
5613 2
5614 1
5615 1
5616 2
5617 2
5618 1
5619 2
5620 1
5621 1
5622 2
5623 1
5624 1
5625 2
5626 2
5627 1
5628 2
5629 2
5630 1
5631 2
5632 1
5633 1
5634 2
5635 2
5636 1
5637 2
5638 2
5639 1
5640 1
5641 2
5642 1
5643 2
5644 2
5645 1
5646 2
5647 1
5648 1
5649 2
5650 1
5651 1
5652 2
5653 2
5654 1
5655 2
5656 2
5657 1
5658 1
5659 2
5660 1
5661 2
5662 2
5663 1
5664 2
5665 2
5666 1
5667 1
5668 2
5669 1
5670 1
5671 2
5672 1
5673 2
5674 2
5675 1
5676 2
5677 1
5678 1
5679 2
5680 2
5681 1
5682 2
5683 2
5684 1
5685 1
5686 2
5687 1
5688 2
5689 2
5690 1
5691 2
5692 2
5693 1
5694 1
5695 2
5696 1
5697 1
5698 2
5699 1
5700 2
5701 2
5702 1
5703 1
5704 2
5705 1
5706 1
5707 2
5708 2
5709 1
5710 2
5711 2
5712 1
5713 2
5714 1
5715 1
5716 2
5717 1
5718 2
5719 2
5720 1
5721 1
5722 2
5723 1
5724 1
5725 2
5726 1
5727 2
5728 2
5729 1
5730 2
5731 2
5732 1
5733 1
5734 2
5735 1
5736 1
5737 2
5738 2
5739 1
5740 2
5741 1
5742 1
5743 2
5744 1
5745 2
5746 2
5747 1
5748 2
5749 2
5750 1
5751 1
5752 2
5753 1
5754 2
5755 2
5756 1
5757 2
5758 1
5759 1
5760 2
5761 2
5762 1
5763 2
5764 2
5765 1
5766 2
5767 1
5768 1
5769 2
5770 1
5771 1
5772 2
5773 2
5774 1
5775 2
5776 2
5777 1
5778 1
5779 2
5780 1
5781 2
5782 2
5783 1
5784 2
5785 1
5786 1
5787 2
5788 2
5789 1
5790 2
5791 2
5792 1
5793 2
5794 1
5795 1
5796 2
5797 1
5798 2
5799 2
5800 1
5801 1
5802 2
5803 1
5804 1
5805 2
5806 2
5807 1
5808 2
5809 2
5810 1
5811 2
5812 1
5813 1
5814 2
5815 2
5816 1
5817 2
5818 2
5819 1
5820 1
5821 2
5822 1
5823 2
5824 2
5825 1
5826 2
5827 2
5828 1
5829 1
5830 2
5831 1
5832 1
5833 2
5834 1
5835 2
5836 2
5837 1
5838 2
5839 1
5840 1
5841 2
5842 2
5843 1
5844 2
5845 2
5846 1
5847 2
5848 1
5849 1
5850 2
5851 1
5852 1
5853 2
5854 2
5855 1
5856 2
5857 1
5858 1
5859 2
5860 1
5861 2
5862 2
5863 1
5864 2
5865 2
5866 1
5867 1
5868 2
5869 1
5870 1
5871 2
5872 1
5873 2
5874 2
5875 1
5876 1
5877 2
5878 1
5879 1
5880 2
5881 2
5882 1
5883 2
5884 1
5885 1
5886 2
5887 1
5888 1
5889 2
5890 2
5891 1
5892 2
5893 2
5894 1
5895 1
5896 2
5897 1
5898 2
5899 2
5900 1
5901 2
5902 1
5903 1
5904 2
5905 1
5906 1
5907 2
5908 2
5909 1
5910 2
5911 2
5912 1
5913 2
5914 1
5915 1
5916 2
5917 2
5918 1
5919 2
5920 2
5921 1
5922 1
5923 2
5924 1
5925 2
5926 2
5927 1
5928 2
5929 1
5930 1
5931 2
5932 1
5933 1
5934 2
5935 2
5936 1
5937 2
5938 1
5939 1
5940 2
5941 1
5942 2
5943 2
5944 1
5945 1
5946 2
5947 1
5948 1
5949 2
5950 1
5951 2
5952 2
5953 1
5954 2
5955 2
5956 1
5957 1
5958 2
5959 1
5960 1
5961 2
5962 2
5963 1
5964 2
5965 1
5966 1
5967 2
5968 1
5969 2
5970 2
5971 1
5972 2
5973 2
5974 1
5975 1
5976 2
5977 1
5978 2
5979 2
5980 1
5981 2
5982 1
5983 1
5984 2
5985 2
5986 1
5987 2
5988 2
5989 1
5990 1
5991 2
5992 1
5993 1
5994 2
5995 1
5996 2
5997 2
5998 1
5999 2
6000 2
6001 1
6002 1
6003 2
6004 1
6005 2
6006 2
6007 1
6008 2
6009 1
6010 1
6011 2
6012 2
6013 1
6014 2
6015 2
6016 1
6017 2
6018 1
6019 1
6020 2
6021 1
6022 2
6023 2
6024 1
6025 1
6026 2
6027 1
6028 1
6029 2
6030 2
6031 1
6032 2
6033 2
6034 1
6035 2
6036 1
6037 1
6038 2
6039 1
6040 1
6041 2
6042 2
6043 1
6044 2
6045 1
6046 1
6047 2
6048 1
6049 2
6050 2
6051 1
6052 2
6053 2
6054 1
6055 1
6056 2
6057 1
6058 1
6059 2
6060 2
6061 1
6062 2
6063 1
6064 1
6065 2
6066 1
6067 1
6068 2
6069 2
6070 1
6071 2
6072 2
6073 1
6074 2
6075 1
6076 1
6077 2
6078 1
6079 2
6080 2
6081 1
6082 1
6083 2
6084 1
6085 1
6086 2
6087 2
6088 1
6089 2
6090 1
6091 1
6092 2
6093 1
6094 1
6095 2
6096 2
6097 1
6098 2
6099 2
6100 1
6101 2
6102 1
6103 1
6104 2
6105 2
6106 1
6107 2
6108 2
6109 1
6110 1
6111 2
6112 1
6113 1
6114 2
6115 1
6116 2
6117 2
6118 1
6119 2
6120 1
6121 1
6122 2
6123 2
6124 1
6125 2
6126 2
6127 1
6128 2
6129 1
6130 1
6131 2
6132 1
6133 1
6134 2
6135 2
6136 1
6137 2
6138 2
6139 1
6140 1
6141 2
6142 1
6143 2
6144 2
6145 1
6146 2
6147 1
6148 1
6149 2
6150 1
6151 1
6152 2
6153 2
6154 1
6155 2
6156 1
6157 1
6158 2
6159 1
6160 2
6161 2
6162 1
6163 1
6164 2
6165 1
6166 1
6167 2
6168 1
6169 2
6170 2
6171 1
6172 2
6173 2
6174 1
6175 1
6176 2
6177 1
6178 1
6179 2
6180 2
6181 1
6182 2
6183 1
6184 1
6185 2
6186 1
6187 1
6188 2
6189 2
6190 1
6191 2
6192 2
6193 1
6194 2
6195 1
6196 1
6197 2
6198 2
6199 1
6200 2
6201 2
6202 1
6203 1
6204 2
6205 1
6206 1
6207 2
6208 1
6209 2
6210 2
6211 1
6212 2
6213 1
6214 1
6215 2
6216 2
6217 1
6218 2
6219 2
6220 1
6221 1
6222 2
6223 1
6224 2
6225 2
6226 1
6227 2
6228 2
6229 1
6230 1
6231 2
6232 1
6233 1
6234 2
6235 1
6236 2
6237 2
6238 1
6239 1
6240 2
6241 1
6242 1
6243 2
6244 2
6245 1
6246 2
6247 2
6248 1
6249 2
6250 1
6251 1
6252 2
6253 1
6254 1
6255 2
6256 2
6257 1
6258 2
6259 1
6260 1
6261 2
6262 1
6263 2
6264 2
6265 1
6266 1
6267 2
6268 1
6269 1
6270 2
6271 2
6272 1
6273 2
6274 2
6275 1
6276 2
6277 1
6278 1
6279 2
6280 2
6281 1
6282 2
6283 2
6284 1
6285 1
6286 2
6287 1
6288 2
6289 2
6290 1
6291 2
6292 2
6293 1
6294 1
6295 2
6296 1
6297 1
6298 2
6299 1
6300 2
6301 2
6302 1
6303 2
6304 1
6305 1
6306 2
6307 2
6308 1
6309 2
6310 2
6311 1
6312 1
6313 2
6314 1
6315 2
6316 2
6317 1
6318 2
6319 2
6320 1
6321 1
6322 2
6323 1
6324 1
6325 2
6326 2
6327 1
6328 2
6329 1
6330 1
6331 2
6332 1
6333 2
6334 2
6335 1
6336 2
6337 2
6338 1
6339 1
6340 2
6341 1
6342 2
6343 2
6344 1
6345 2
6346 1
6347 1
6348 2
6349 2
6350 1
6351 2
6352 2
6353 1
6354 2
6355 1
6356 1
6357 2
6358 1
6359 1
6360 2
6361 2
6362 1
6363 2
6364 2
6365 1
6366 1
6367 2
6368 1
6369 2
6370 2
6371 1
6372 2
6373 1
6374 1
6375 2
6376 1
6377 1
6378 2
6379 2
6380 1
6381 2
6382 1
6383 1
6384 2
6385 1
6386 2
6387 2
6388 1
6389 1
6390 2
6391 1
6392 1
6393 2
6394 2
6395 1
6396 2
6397 2
6398 1
6399 2
6400 1
6401 1
6402 2
6403 1
6404 1
6405 2
6406 2
6407 1
6408 2
6409 1
6410 1
6411 2
6412 1
6413 2
6414 2
6415 1
6416 1
6417 2
6418 1
6419 1
6420 2
6421 1
6422 2
6423 2
6424 1
6425 2
6426 1
6427 1
6428 2
6429 2
6430 1
6431 2
6432 2
6433 1
6434 1
6435 2
6436 1
6437 1
6438 2
6439 1
6440 2
6441 2
6442 1
6443 1
6444 2
6445 1
6446 1
6447 2
6448 2
6449 1
6450 2
6451 1
6452 1
6453 2
6454 1
6455 2
6456 2
6457 1
6458 2
6459 2
6460 1
6461 1
6462 2
6463 1
6464 1
6465 2
6466 2
6467 1
6468 2
6469 1
6470 1
6471 2
6472 1
6473 1
6474 2
6475 2
6476 1
6477 2
6478 2
6479 1
6480 2
6481 1
6482 1
6483 2
6484 2
6485 1
6486 2
6487 2
6488 1
6489 1
6490 2
6491 1
6492 2
6493 2
6494 1
6495 2
6496 1
6497 1
6498 2
6499 1
6500 1
6501 2
6502 2
6503 1
6504 2
6505 1
6506 1
6507 2
6508 1
6509 2
6510 2
6511 1
6512 1
6513 2
6514 1
6515 1
6516 2
6517 1
6518 2
6519 2
6520 1
6521 2
6522 1
6523 1
6524 2
6525 2
6526 1
6527 2
6528 2
6529 1
6530 1
6531 2
6532 1
6533 2
6534 2
6535 1
6536 2
6537 2
6538 1
6539 1
6540 2
6541 1
6542 1
6543 2
6544 1
6545 2
6546 2
6547 1
6548 2
6549 1
6550 1
6551 2
6552 2
6553 1
6554 2
6555 2
6556 1
6557 1
6558 2
6559 1
6560 1
6561 2
6562 1
6563 2
6564 2
6565 1
6566 1
6567 2
6568 1
6569 1
6570 2
6571 2
6572 1
6573 2
6574 1
6575 1
6576 2
6577 1
6578 1
6579 2
6580 2
6581 1
6582 2
6583 2
6584 1
6585 1
6586 2
6587 1
6588 2
6589 2
6590 1
6591 2
6592 1
6593 1
6594 2
6595 2
6596 1
6597 2
6598 2
6599 1
6600 2
6601 1
6602 1
6603 2
6604 1
6605 1
6606 2
6607 2
6608 1
6609 2
6610 1
6611 1
6612 2
6613 1
6614 2
6615 2
6616 1
6617 2
6618 2
6619 1
6620 1
6621 2
6622 1
6623 1
6624 2
6625 2
6626 1
6627 2
6628 1
6629 1
6630 2
6631 1
6632 2
6633 2
6634 1
6635 1
6636 2
6637 1
6638 1
6639 2
6640 1
6641 2
6642 2
6643 1
6644 2
6645 2
6646 1
6647 1
6648 2
6649 1
6650 1
6651 2
6652 2
6653 1
6654 2
6655 1
6656 1
6657 2
6658 1
6659 1
6660 2
6661 2
6662 1
6663 2
6664 2
6665 1
6666 2
6667 1
6668 1
6669 2
6670 2
6671 1
6672 2
6673 2
6674 1
6675 1
6676 2
6677 1
6678 1
6679 2
6680 1
6681 2
6682 2
6683 1
6684 2
6685 2
6686 1
6687 1
6688 2
6689 1
6690 2
6691 2
6692 1
6693 2
6694 1
6695 1
6696 2
6697 2
6698 1
6699 2
6700 2
6701 1
6702 2
6703 1
6704 1
6705 2
6706 1
6707 2
6708 2
6709 1
6710 1
6711 2
6712 1
6713 1
6714 2
6715 2
6716 1
6717 2
6718 2
6719 1
6720 2
6721 1
6722 1
6723 2
6724 2
6725 1
6726 2
6727 2
6728 1
6729 1
6730 2
6731 1
6732 2
6733 2
6734 1
6735 2
6736 1
6737 1
6738 2
6739 1
6740 1
6741 2
6742 2
6743 1
6744 2
6745 2
6746 1
6747 2
6748 1
6749 1
6750 2
6751 2
6752 1
6753 2
6754 2
6755 1
6756 1
6757 2
6758 1
6759 2
6760 2
6761 1
6762 2
6763 2
6764 1
6765 1
6766 2
6767 1
6768 1
6769 2
6770 2
6771 1
6772 2
6773 1
6774 1
6775 2
6776 1
6777 2
6778 2
6779 1
6780 1
6781 2
6782 1
6783 1
6784 2
6785 1
6786 2
6787 2
6788 1
6789 2
6790 2
6791 1
6792 1
6793 2
6794 1
6795 1
6796 2
6797 2
6798 1
6799 2
6800 1
6801 1
6802 2
6803 1
6804 1
6805 2
6806 2
6807 1
6808 2
6809 2
6810 1
6811 2
6812 1
6813 1
6814 2
6815 2
6816 1
6817 2
6818 2
6819 1
6820 1
6821 2
6822 1
6823 2
6824 2
6825 1
6826 2
6827 1
6828 1
6829 2
6830 1
6831 1
6832 2
6833 2
6834 1
6835 2
6836 2
6837 1
6838 1
6839 2
6840 1
6841 2
6842 2
6843 1
6844 2
6845 2
6846 1
6847 1
6848 2
6849 1
6850 1
6851 2
6852 1
6853 2
6854 2
6855 1
6856 1
6857 2
6858 1
6859 1
6860 2
6861 2
6862 1
6863 2
6864 2
6865 1
6866 2
6867 1
6868 1
6869 2
6870 1
6871 1
6872 2
6873 2
6874 1
6875 2
6876 1
6877 1
6878 2
6879 1
6880 2
6881 2
6882 1
6883 1
6884 2
6885 1
6886 1
6887 2
6888 2
6889 1
6890 2
6891 2
6892 1
6893 2
6894 1
6895 1
6896 2
6897 2
6898 1
6899 2
6900 2
6901 1
6902 1
6903 2
6904 1
6905 2
6906 2
6907 1
6908 2
6909 2
6910 1
6911 1
6912 2
6913 1
6914 1
6915 2
6916 1
6917 2
6918 2
6919 1
6920 2
6921 1
6922 1
6923 2
6924 2
6925 1
6926 2
6927 2
6928 1
6929 1
6930 2
6931 1
6932 2
6933 2
6934 1
6935 2
6936 2
6937 1
6938 1
6939 2
6940 1
6941 1
6942 2
6943 2
6944 1
6945 2
6946 1
6947 1
6948 2
6949 1
6950 2
6951 2
6952 1
6953 2
6954 2
6955 1
6956 1
6957 2
6958 1
6959 2
6960 2
6961 1
6962 2
6963 1
6964 1
6965 2
6966 2
6967 1
6968 2
6969 2
6970 1
6971 2
6972 1
6973 1
6974 2
6975 1
6976 1
6977 2
6978 2
6979 1
6980 2
6981 2
6982 1
6983 1
6984 2
6985 1
6986 2
6987 2
6988 1
6989 2
6990 1
6991 1
6992 2
6993 1
6994 1
6995 2
6996 2
6997 1
6998 2
6999 1
7000 1
7001 2
7002 1
7003 2
7004 2
7005 1
7006 1
7007 2
7008 1
7009 1
7010 2
7011 2
7012 1
7013 2
7014 2
7015 1
7016 2
7017 1
7018 1
7019 2
7020 1
7021 1
7022 2
7023 2
7024 1
7025 2
7026 1
7027 1
7028 2
7029 1
7030 2
7031 2
7032 1
7033 2
7034 2
7035 1
7036 1
7037 2
7038 1
7039 1
7040 2
7041 2
7042 1
7043 2
7044 1
7045 1
7046 2
7047 1
7048 2
7049 2
7050 1
7051 1
7052 2
7053 1
7054 1
7055 2
7056 1
7057 2
7058 2
7059 1
7060 2
7061 2
7062 1
7063 1
7064 2
7065 1
7066 1
7067 2
7068 2
7069 1
7070 2
7071 1
7072 1
7073 2
7074 1
7075 1
7076 2
7077 2
7078 1
7079 2
7080 2
7081 1
7082 2
7083 1
7084 1
7085 2
7086 2
7087 1
7088 2
7089 2
7090 1
7091 1
7092 2
7093 1
7094 1
7095 2
7096 1
7097 2
7098 2
7099 1
7100 2
7101 1
7102 1
7103 2
7104 2
7105 1
7106 2
7107 2
7108 1
7109 1
7110 2
7111 1
7112 2
7113 2
7114 1
7115 2
7116 2
7117 1
7118 1
7119 2
7120 1
7121 1
7122 2
7123 2
7124 1
7125 2
7126 1
7127 1
7128 2
7129 1
7130 2
7131 2
7132 1
7133 2
7134 2
7135 1
7136 1
7137 2
7138 1
7139 2
7140 2
7141 1
7142 2
7143 1
7144 1
7145 2
7146 2
7147 1
7148 2
7149 2
7150 1
7151 1
7152 2
7153 1
7154 1
7155 2
7156 1
7157 2
7158 2
7159 1
7160 2
7161 2
7162 1
7163 1
7164 2
7165 1
7166 2
7167 2
7168 1
7169 2
7170 1
7171 1
7172 2
7173 2
7174 1
7175 2
7176 2
7177 1
7178 2
7179 1
7180 1
7181 2
7182 1
7183 2
7184 2
7185 1
7186 1
7187 2
7188 1
7189 1
7190 2
7191 2
7192 1
7193 2
7194 2
7195 1
7196 2
7197 1
7198 1
7199 2
7200 1
7201 1
7202 2
7203 2
7204 1
7205 2
7206 1
7207 1
7208 2
7209 1
7210 2
7211 2
7212 1
7213 2
7214 2
7215 1
7216 1
7217 2
7218 1
7219 1
7220 2
7221 2
7222 1
7223 2
7224 1
7225 1
7226 2
7227 1
7228 1
7229 2
7230 2
7231 1
7232 2
7233 2
7234 1
7235 2
7236 1
7237 1
7238 2
7239 2
7240 1
7241 2
7242 2
7243 1
7244 1
7245 2
7246 1
7247 2
7248 2
7249 1
7250 2
7251 1
7252 1
7253 2
7254 1
7255 1
7256 2
7257 2
7258 1
7259 2
7260 2
7261 1
7262 2
7263 1
7264 1
7265 2
7266 2
7267 1
7268 2
7269 2
7270 1
7271 1
7272 2
7273 1
7274 1
7275 2
7276 1
7277 2
7278 2
7279 1
7280 2
7281 1
7282 1
7283 2
7284 2
7285 1
7286 2
7287 2
7288 1
7289 2
7290 1
7291 1
7292 2
7293 1
7294 1
7295 2
7296 2
7297 1
7298 2
7299 2
7300 1
7301 1
7302 2
7303 1
7304 2
7305 2
7306 1
7307 2
7308 1
7309 1
7310 2
7311 1
7312 1
7313 2
7314 2
7315 1
7316 2
7317 1
7318 1
7319 2
7320 1
7321 2
7322 2
7323 1
7324 1
7325 2
7326 1
7327 1
7328 2
7329 1
7330 2
7331 2
7332 1
7333 2
7334 2
7335 1
7336 1
7337 2
7338 1
7339 1
7340 2
7341 2
7342 1
7343 2
7344 1
7345 1
7346 2
7347 1
7348 2
7349 2
7350 1
7351 1
7352 2
7353 1
7354 1
7355 2
7356 1
7357 2
7358 2
7359 1
7360 2
7361 1
7362 1
7363 2
7364 2
7365 1
7366 2
7367 2
7368 1
7369 1
7370 2
7371 1
7372 1
7373 2
7374 1
7375 2
7376 2
7377 1
7378 2
7379 2
7380 1
7381 1
7382 2
7383 1
7384 2
7385 2
7386 1
7387 2
7388 1
7389 1
7390 2
7391 2
7392 1
7393 2
7394 2
7395 1
7396 2
7397 1
7398 1
7399 2
7400 1
7401 2
7402 2
7403 1
7404 1
7405 2
7406 1
7407 1
7408 2
7409 2
7410 1
7411 2
7412 1
7413 1
7414 2
7415 1
7416 1
7417 2
7418 2
7419 1
7420 2
7421 2
7422 1
7423 2
7424 1
7425 1
7426 2
7427 1
7428 2
7429 2
7430 1
7431 1
7432 2
7433 1
7434 1
7435 2
7436 2
7437 1
7438 2
7439 2
7440 1
7441 2
7442 1
7443 1
7444 2
7445 2
7446 1
7447 2
7448 2
7449 1
7450 1
7451 2
7452 1
7453 2
7454 2
7455 1
7456 2
7457 2
7458 1
7459 1
7460 2
7461 1
7462 1
7463 2
7464 2
7465 1
7466 2
7467 1
7468 1
7469 2
7470 1
7471 2
7472 2
7473 1
7474 1
7475 2
7476 1
7477 1
7478 2
7479 1
7480 2
7481 2
7482 1
7483 2
7484 2
7485 1
7486 1
7487 2
7488 1
7489 1
7490 2
7491 2
7492 1
7493 2
7494 1
7495 1
7496 2
7497 1
7498 1
7499 2
7500 2
7501 1
7502 2
7503 2
7504 1
7505 2
7506 1
7507 1
7508 2
7509 2
7510 1
7511 2
7512 2
7513 1
7514 1
7515 2
7516 1
7517 2
7518 2
7519 1
7520 2
7521 1
7522 1
7523 2
7524 1
7525 1
7526 2
7527 2
7528 1
7529 2
7530 2
7531 1
7532 1
7533 2
7534 1
7535 2
7536 2
7537 1
7538 2
7539 2
7540 1
7541 1
7542 2
7543 1
7544 1
7545 2
7546 1
7547 2
7548 2
7549 1
7550 2
7551 1
7552 1
7553 2
7554 2
7555 1
7556 2
7557 2
7558 1
7559 1
7560 2
7561 1
7562 2
7563 2
7564 1
7565 2
7566 2
7567 1
7568 1
7569 2
7570 1
7571 1
7572 2
7573 1
7574 2
7575 2
7576 1
7577 1
7578 2
7579 1
7580 1
7581 2
7582 2
7583 1
7584 2
7585 2
7586 1
7587 2
7588 1
7589 1
7590 2
7591 1
7592 2
7593 2
7594 1
7595 1
7596 2
7597 1
7598 1
7599 2
7600 2
7601 1
7602 2
7603 1
7604 1
7605 2
7606 1
7607 1
7608 2
7609 2
7610 1
7611 2
7612 2
7613 1
7614 1
7615 2
7616 1
7617 2
7618 2
7619 1
7620 2
7621 1
7622 1
7623 2
7624 1
7625 1
7626 2
7627 2
7628 1
7629 2
7630 1
7631 1
7632 2
7633 1
7634 2
7635 2
7636 1
7637 1
7638 2
7639 1
7640 1
7641 2
7642 2
7643 1
7644 2
7645 2
7646 1
7647 2
7648 1
7649 1
7650 2
7651 1
7652 1
7653 2
7654 2
7655 1
7656 2
7657 1
7658 1
7659 2
7660 1
7661 2
7662 2
7663 1
7664 1
7665 2
7666 1
7667 1
7668 2
7669 1
7670 2
7671 2
7672 1
7673 2
7674 1
7675 1
7676 2
7677 2
7678 1
7679 2
7680 2
7681 1
7682 1
7683 2
7684 1
7685 2
7686 2
7687 1
7688 2
7689 2
7690 1
7691 1
7692 2
7693 1
7694 1
7695 2
7696 1
7697 2
7698 2
7699 1
7700 2
7701 1
7702 1
7703 2
7704 2
7705 1
7706 2
7707 2
7708 1
7709 2
7710 1
7711 1
7712 2
7713 1
7714 1
7715 2
7716 2
7717 1
7718 2
7719 1
7720 1
7721 2
7722 1
7723 2
7724 2
7725 1
7726 1
7727 2
7728 1
7729 1
7730 2
7731 2
7732 1
7733 2
7734 2
7735 1
7736 2
7737 1
7738 1
7739 2
7740 1
7741 1
7742 2
7743 2
7744 1
7745 2
7746 1
7747 1
7748 2
7749 1
7750 2
7751 2
7752 1
7753 2
7754 2
7755 1
7756 1
7757 2
7758 1
7759 1
7760 2
7761 2
7762 1
7763 2
7764 1
7765 1
7766 2
7767 1
7768 1
7769 2
7770 2
7771 1
7772 2
7773 2
7774 1
7775 2
7776 1
7777 1
7778 2
7779 2
7780 1
7781 2
7782 2
7783 1
7784 1
7785 2
7786 1
7787 2
7788 2
7789 1
7790 2
7791 1
7792 1
7793 2
7794 1
7795 1
7796 2
7797 2
7798 1
7799 2
7800 2
7801 1
7802 1
7803 2
7804 1
7805 2
7806 2
7807 1
7808 2
7809 2
7810 1
7811 1
7812 2
7813 1
7814 1
7815 2
7816 1
7817 2
7818 2
7819 1
7820 2
7821 1
7822 1
7823 2
7824 2
7825 1
7826 2
7827 2
7828 1
7829 1
7830 2
7831 1
7832 2
7833 2
7834 1
7835 2
7836 2
7837 1
7838 1
7839 2
7840 1
7841 1
7842 2
7843 1
7844 2
7845 2
7846 1
7847 1
7848 2
7849 1
7850 1
7851 2
7852 2
7853 1
7854 2
7855 2
7856 1
7857 2
7858 1
7859 1
7860 2
7861 1
7862 2
7863 2
7864 1
7865 1
7866 2
7867 1
7868 1
7869 2
7870 1
7871 2
7872 2
7873 1
7874 2
7875 2
7876 1
7877 1
7878 2
7879 1
7880 1
7881 2
7882 2
7883 1
7884 2
7885 1
7886 1
7887 2
7888 1
7889 2
7890 2
7891 1
7892 2
7893 2
7894 1
7895 1
7896 2
7897 1
7898 2
7899 2
7900 1
7901 2
7902 1
7903 1
7904 2
7905 2
7906 1
7907 2
7908 2
7909 1
7910 2
7911 1
7912 1
7913 2
7914 1
7915 1
7916 2
7917 2
7918 1
7919 2
7920 2
7921 1
7922 1
7923 2
7924 1
7925 2
7926 2
7927 1
7928 2
7929 1
7930 1
7931 2
7932 2
7933 1
7934 2
7935 2
7936 1
7937 2
7938 1
7939 1
7940 2
7941 1
7942 2
7943 2
7944 1
7945 1
7946 2
7947 1
7948 1
7949 2
7950 2
7951 1
7952 2
7953 2
7954 1
7955 2
7956 1
7957 1
7958 2
7959 2
7960 1
7961 2
7962 2
7963 1
7964 1
7965 2
7966 1
7967 2
7968 2
7969 1
7970 2
7971 2
7972 1
7973 1
7974 2
7975 1
7976 1
7977 2
7978 1
7979 2
7980 2
7981 1
7982 2
7983 1
7984 1
7985 2
7986 2
7987 1
7988 2
7989 2
7990 1
7991 2
7992 1
7993 1
7994 2
7995 1
7996 1
7997 2
7998 2
7999 1
8000 2
8001 1
8002 1
8003 2
8004 1
8005 2
8006 2
8007 1
8008 2
8009 2
8010 1
8011 1
8012 2
8013 1
8014 1
8015 2
8016 1
8017 2
8018 2
8019 1
8020 1
8021 2
8022 1
8023 1
8024 2
8025 2
8026 1
8027 2
8028 1
8029 1
8030 2
8031 1
8032 1
8033 2
8034 2
8035 1
8036 2
8037 2
8038 1
8039 1
8040 2
8041 1
8042 2
8043 2
8044 1
8045 2
8046 1
8047 1
8048 2
8049 1
8050 1
8051 2
8052 2
8053 1
8054 2
8055 1
8056 1
8057 2
8058 1
8059 2
8060 2
8061 1
8062 1
8063 2
8064 1
8065 1
8066 2
8067 2
8068 1
8069 2
8070 2
8071 1
8072 2
8073 1
8074 1
8075 2
8076 1
8077 1
8078 2
8079 2
8080 1
8081 2
8082 1
8083 1
8084 2
8085 1
8086 2
8087 2
8088 1
8089 2
8090 2
8091 1
8092 1
8093 2
8094 1
8095 1
8096 2
8097 2
8098 1
8099 2
8100 1
8101 1
8102 2
8103 1
8104 2
8105 2
8106 1
8107 1
8108 2
8109 1
8110 1
8111 2
8112 1
8113 2
8114 2
8115 1
8116 2
8117 2
8118 1
8119 1
8120 2
8121 1
8122 2
8123 2
8124 1
8125 2
8126 1
8127 1
8128 2
8129 1
8130 1
8131 2
8132 2
8133 1
8134 2
8135 2
8136 1
8137 1
8138 2
8139 1
8140 2
8141 2
8142 1
8143 2
8144 2
8145 1
8146 1
8147 2
8148 1
8149 1
8150 2
8151 1
8152 2
8153 2
8154 1
8155 2
8156 1
8157 1
8158 2
8159 2
8160 1
8161 2
8162 2
8163 1
8164 1
8165 2
8166 1
8167 1
8168 2
8169 1
8170 2
8171 2
8172 1
8173 1
8174 2
8175 1
8176 1
8177 2
8178 2
8179 1
8180 2
8181 1
8182 1
8183 2
8184 1
8185 1
8186 2
8187 2
8188 1
8189 2
8190 2
8191 1
8192 2
8193 1
8194 1
8195 2
8196 1
8197 2
8198 2
8199 1
8200 1
8201 2
8202 1
8203 1
8204 2
8205 1
8206 2
8207 2
8208 1
8209 2
8210 2
8211 1
8212 1
8213 2
8214 1
8215 2
8216 2
8217 1
8218 2
8219 1
8220 1
8221 2
8222 1
8223 1
8224 2
8225 2
8226 1
8227 2
8228 2
8229 1
8230 2
8231 1
8232 1
8233 2
8234 2
8235 1
8236 2
8237 2
8238 1
8239 1
8240 2
8241 1
8242 2
8243 2
8244 1
8245 2
8246 1
8247 1
8248 2
8249 1
8250 1
8251 2
8252 2
8253 1
8254 2
8255 2
8256 1
8257 1
8258 2
8259 1
8260 2
8261 2
8262 1
8263 2
8264 2
8265 1
8266 1
8267 2
8268 1
8269 1
8270 2
8271 1
8272 2
8273 2
8274 1
8275 1
8276 2
8277 1
8278 1
8279 2
8280 2
8281 1
8282 2
8283 2
8284 1
8285 2
8286 1
8287 1
8288 2
8289 1
8290 1
8291 2
8292 2
8293 1
8294 2
8295 1
8296 1
8297 2
8298 1
8299 2
8300 2
8301 1
8302 1
8303 2
8304 1
8305 1
8306 2
8307 1
8308 2
8309 2
8310 1
8311 2
8312 1
8313 1
8314 2
8315 2
8316 1
8317 2
8318 2
8319 1
8320 1
8321 2
8322 1
8323 1
8324 2
8325 1
8326 2
8327 2
8328 1
8329 2
8330 2
8331 1
8332 1
8333 2
8334 1
8335 2
8336 2
8337 1
8338 2
8339 1
8340 1
8341 2
8342 2
8343 1
8344 2
8345 2
8346 1
8347 1
8348 2
8349 1
8350 1
8351 2
8352 1
8353 2
8354 2
8355 1
8356 1
8357 2
8358 1
8359 1
8360 2
8361 2
8362 1
8363 2
8364 1
8365 1
8366 2
8367 1
8368 1
8369 2
8370 2
8371 1
8372 2
8373 2
8374 1
8375 1
8376 2
8377 1
8378 2
8379 2
8380 1
8381 2
8382 1
8383 1
8384 2
8385 2
8386 1
8387 2
8388 2
8389 1
8390 2
8391 1
8392 1
8393 2
8394 1
8395 1
8396 2
8397 2
8398 1
8399 2
8400 1
8401 1
8402 2
8403 1
8404 2
8405 2
8406 1
8407 2
8408 2
8409 1
8410 1
8411 2
8412 1
8413 1
8414 2
8415 2
8416 1
8417 2
8418 1
8419 1
8420 2
8421 1
8422 2
8423 2
8424 1
8425 1
8426 2
8427 1
8428 1
8429 2
8430 1
8431 2
8432 2
8433 1
8434 2
8435 1
8436 1
8437 2
8438 2
8439 1
8440 2
8441 2
8442 1
8443 1
8444 2
8445 1
8446 1
8447 2
8448 1
8449 2
8450 2
8451 1
8452 1
8453 2
8454 1
8455 1
8456 2
8457 2
8458 1
8459 2
8460 1
8461 1
8462 2
8463 1
8464 1
8465 2
8466 2
8467 1
8468 2
8469 2
8470 1
8471 2
8472 1
8473 1
8474 2
8475 1
8476 2
8477 2
8478 1
8479 1
8480 2
8481 1
8482 1
8483 2
8484 2
8485 1
8486 2
8487 1
8488 1
8489 2
8490 1
8491 1
8492 2
8493 2
8494 1
8495 2
8496 2
8497 1
8498 1
8499 2
8500 1
8501 2
8502 2
8503 1
8504 2
8505 1
8506 1
8507 2
8508 1
8509 1
8510 2
8511 2
8512 1
8513 2
8514 2
8515 1
8516 2
8517 1
8518 1
8519 2
8520 2
8521 1
8522 2
8523 2
8524 1
8525 1
8526 2
8527 1
8528 2
8529 2
8530 1
8531 2
8532 2
8533 1
8534 1
8535 2
8536 1
8537 1
8538 2
8539 2
8540 1
8541 2
8542 1
8543 1
8544 2
8545 1
8546 2
8547 2
8548 1
8549 2
8550 2
8551 1
8552 1
8553 2
8554 1
8555 2
8556 2
8557 1
8558 2
8559 1
8560 1
8561 2
8562 2
8563 1
8564 2
8565 2
8566 1
8567 1
8568 2
8569 1
8570 1
8571 2
8572 1
8573 2
8574 2
8575 1
8576 2
8577 2
8578 1
8579 1
8580 2
8581 1
8582 2
8583 2
8584 1
8585 2
8586 1
8587 1
8588 2
8589 1
8590 1
8591 2
8592 2
8593 1
8594 2
8595 2
8596 1
8597 1
8598 2
8599 1
8600 2
8601 2
8602 1
8603 2
8604 1
8605 1
8606 2
8607 2
8608 1
8609 2
8610 2
8611 1
8612 2
8613 1
8614 1
8615 2
8616 1
8617 1
8618 2
8619 2
8620 1
8621 2
8622 2
8623 1
8624 1
8625 2
8626 1
8627 2
8628 2
8629 1
8630 2
8631 2
8632 1
8633 1
8634 2
8635 1
8636 1
8637 2
8638 1
8639 2
8640 2
8641 1
8642 1
8643 2
8644 1
8645 1
8646 2
8647 2
8648 1
8649 2
8650 2
8651 1
8652 2
8653 1
8654 1
8655 2
8656 1
8657 2
8658 2
8659 1
8660 1
8661 2
8662 1
8663 1
8664 2
8665 2
8666 1
8667 2
8668 1
8669 1
8670 2
8671 1
8672 1
8673 2
8674 2
8675 1
8676 2
8677 2
8678 1
8679 2
8680 1
8681 1
8682 2
8683 2
8684 1
8685 2
8686 2
8687 1
8688 1
8689 2
8690 1
8691 1
8692 2
8693 1
8694 2
8695 2
8696 1
8697 2
8698 2
8699 1
8700 1
8701 2
8702 1
8703 2
8704 2
8705 1
8706 2
8707 1
8708 1
8709 2
8710 2
8711 1
8712 2
8713 2
8714 1
8715 1
8716 2
8717 1
8718 1
8719 2
8720 1
8721 2
8722 2
8723 1
8724 1
8725 2
8726 1
8727 1
8728 2
8729 2
8730 1
8731 2
8732 1
8733 1
8734 2
8735 1
8736 1
8737 2
8738 2
8739 1
8740 2
8741 2
8742 1
8743 1
8744 2
8745 1
8746 2
8747 2
8748 1
8749 2
8750 1
8751 1
8752 2
8753 1
8754 1
8755 2
8756 2
8757 1
8758 2
8759 2
8760 1
8761 2
8762 1
8763 1
8764 2
8765 2
8766 1
8767 2
8768 2
8769 1
8770 1
8771 2
8772 1
8773 1
8774 2
8775 1
8776 2
8777 2
8778 1
8779 2
8780 1
8781 1
8782 2
8783 2
8784 1
8785 2
8786 2
8787 1
8788 2
8789 1
8790 1
8791 2
8792 1
8793 1
8794 2
8795 2
8796 1
8797 2
8798 2
8799 1
8800 1
8801 2
8802 1
8803 2
8804 2
8805 1
8806 2
8807 1
8808 1
8809 2
8810 1
8811 1
8812 2
8813 2
8814 1
8815 2
8816 1
8817 1
8818 2
8819 1
8820 2
8821 2
8822 1
8823 1
8824 2
8825 1
8826 1
8827 2
8828 1
8829 2
8830 2
8831 1
8832 2
8833 1
8834 1
8835 2
8836 2
8837 1
8838 2
8839 2
8840 1
8841 1
8842 2
8843 1
8844 2
8845 2
8846 1
8847 2
8848 2
8849 1
8850 1
8851 2
8852 1
8853 1
8854 2
8855 1
8856 2
8857 2
8858 1
8859 2
8860 1
8861 1
8862 2
8863 2
8864 1
8865 2
8866 2
8867 1
8868 1
8869 2
8870 1
8871 1
8872 2
8873 1
8874 2
8875 2
8876 1
8877 1
8878 2
8879 1
8880 1
8881 2
8882 2
8883 1
8884 2
8885 1
8886 1
8887 2
8888 1
8889 1
8890 2
8891 2
8892 1
8893 2
8894 2
8895 1
8896 2
8897 1
8898 1
8899 2
8900 1
8901 2
8902 2
8903 1
8904 1
8905 2
8906 1
8907 1
8908 2
8909 1
8910 2
8911 2
8912 1
8913 2
8914 2
8915 1
8916 1
8917 2
8918 1
8919 2
8920 2
8921 1
8922 2
8923 1
8924 1
8925 2
8926 1
8927 1
8928 2
8929 2
8930 1
8931 2
8932 2
8933 1
8934 1
8935 2
8936 1
8937 2
8938 2
8939 1
8940 2
8941 1
8942 1
8943 2
8944 2
8945 1
8946 2
8947 2
8948 1
8949 2
8950 1
8951 1
8952 2
8953 1
8954 1
8955 2
8956 2
8957 1
8958 2
8959 2
8960 1
8961 1
8962 2
8963 1
8964 2
8965 2
8966 1
8967 2
8968 2
8969 1
8970 1
8971 2
8972 1
8973 1
8974 2
8975 1
8976 2
8977 2
8978 1
8979 1
8980 2
8981 1
8982 1
8983 2
8984 2
8985 1
8986 2
8987 1
8988 1
8989 2
8990 1
8991 2
8992 2
8993 1
8994 2
8995 2
8996 1
8997 1
8998 2
8999 1
9000 1
9001 2
9002 2
9003 1
9004 2
9005 1
9006 1
9007 2
9008 1
9009 1
9010 2
9011 2
9012 1
9013 2
9014 2
9015 1
9016 2
9017 1
9018 1
9019 2
9020 2
9021 1
9022 2
9023 2
9024 1
9025 1
9026 2
9027 1
9028 1
9029 2
9030 1
9031 2
9032 2
9033 1
9034 2
9035 2
9036 1
9037 1
9038 2
9039 1
9040 2
9041 2
9042 1
9043 2
9044 1
9045 1
9046 2
9047 2
9048 1
9049 2
9050 2
9051 1
9052 1
9053 2
9054 1
9055 1
9056 2
9057 1
9058 2
9059 2
9060 1
9061 2
9062 1
9063 1
9064 2
9065 2
9066 1
9067 2
9068 2
9069 1
9070 2
9071 1
9072 1
9073 2
9074 1
9075 1
9076 2
9077 2
9078 1
9079 2
9080 2
9081 1
9082 1
9083 2
9084 1
9085 2
9086 2
9087 1
9088 2
9089 1
9090 1
9091 2
9092 2
9093 1
9094 2
9095 2
9096 1
9097 2
9098 1
9099 1
9100 2
9101 1
9102 2
9103 2
9104 1
9105 1
9106 2
9107 1
9108 1
9109 2
9110 2
9111 1
9112 2
9113 2
9114 1
9115 2
9116 1
9117 1
9118 2
9119 1
9120 1
9121 2
9122 2
9123 1
9124 2
9125 1
9126 1
9127 2
9128 1
9129 2
9130 2
9131 1
9132 1
9133 2
9134 1
9135 1
9136 2
9137 1
9138 2
9139 2
9140 1
9141 2
9142 1
9143 1
9144 2
9145 2
9146 1
9147 2
9148 2
9149 1
9150 1
9151 2
9152 1
9153 1
9154 2
9155 1
9156 2
9157 2
9158 1
9159 1
9160 2
9161 1
9162 1
9163 2
9164 2
9165 1
9166 2
9167 1
9168 1
9169 2
9170 1
9171 2
9172 2
9173 1
9174 2
9175 2
9176 1
9177 1
9178 2
9179 1
9180 1
9181 2
9182 1
9183 2
9184 2
9185 1
9186 1
9187 2
9188 1
9189 1
9190 2
9191 2
9192 1
9193 2
9194 2
9195 1
9196 2
9197 1
9198 1
9199 2
9200 1
9201 2
9202 2
9203 1
9204 1
9205 2
9206 1
9207 1
9208 2
9209 2
9210 1
9211 2
9212 1
9213 1
9214 2
9215 1
9216 1
9217 2
9218 2
9219 1
9220 2
9221 2
9222 1
9223 2
9224 1
9225 1
9226 2
9227 1
9228 2
9229 2
9230 1
9231 1
9232 2
9233 1
9234 1
9235 2
9236 1
9237 2
9238 2
9239 1
9240 2
9241 2
9242 1
9243 1
9244 2
9245 1
9246 2
9247 2
9248 1
9249 2
9250 1
9251 1
9252 2
9253 1
9254 1
9255 2
9256 2
9257 1
9258 2
9259 2
9260 1
9261 1
9262 2
9263 1
9264 2
9265 2
9266 1
9267 2
9268 1
9269 1
9270 2
9271 2
9272 1
9273 2
9274 2
9275 1
9276 2
9277 1
9278 1
9279 2
9280 1
9281 2
9282 2
9283 1
9284 1
9285 2
9286 1
9287 1
9288 2
9289 2
9290 1
9291 2
9292 2
9293 1
9294 2
9295 1
9296 1
9297 2
9298 2
9299 1
9300 2
9301 2
9302 1
9303 1
9304 2
9305 1
9306 2
9307 2
9308 1
9309 2
9310 1
9311 1
9312 2
9313 1
9314 1
9315 2
9316 2
9317 1
9318 2
9319 2
9320 1
9321 2
9322 1
9323 1
9324 2
9325 2
9326 1
9327 2
9328 2
9329 1
9330 1
9331 2
9332 1
9333 2
9334 2
9335 1
9336 2
9337 2
9338 1
9339 1
9340 2
9341 1
9342 1
9343 2
9344 2
9345 1
9346 2
9347 1
9348 1
9349 2
9350 1
9351 2
9352 2
9353 1
9354 2
9355 2
9356 1
9357 1
9358 2
9359 1
9360 2
9361 2
9362 1
9363 2
9364 1
9365 1
9366 2
9367 2
9368 1
9369 2
9370 2
9371 1
9372 1
9373 2
9374 1
9375 1
9376 2
9377 1
9378 2
9379 2
9380 1
9381 2
9382 1
9383 1
9384 2
9385 2
9386 1
9387 2
9388 2
9389 1
9390 2
9391 1
9392 1
9393 2
9394 1
9395 1
9396 2
9397 2
9398 1
9399 2
9400 1
9401 1
9402 2
9403 1
9404 2
9405 2
9406 1
9407 1
9408 2
9409 1
9410 1
9411 2
9412 2
9413 1
9414 2
9415 2
9416 1
9417 2
9418 1
9419 1
9420 2
9421 2
9422 1
9423 2
9424 2
9425 1
9426 1
9427 2
9428 1
9429 2
9430 2
9431 1
9432 2
9433 2
9434 1
9435 1
9436 2
9437 1
9438 1
9439 2
9440 2
9441 1
9442 2
9443 1
9444 1
9445 2
9446 1
9447 2
9448 2
9449 1
9450 2
9451 2
9452 1
9453 1
9454 2
9455 1
9456 1
9457 2
9458 1
9459 2
9460 2
9461 1
9462 1
9463 2
9464 1
9465 1
9466 2
9467 2
9468 1
9469 2
9470 1
9471 1
9472 2
9473 1
9474 1
9475 2
9476 2
9477 1
9478 2
9479 2
9480 1
9481 1
9482 2
9483 1
9484 2
9485 2
9486 1
9487 2
9488 1
9489 1
9490 2
9491 2
9492 1
9493 2
9494 2
9495 1
9496 2
9497 1
9498 1
9499 2
9500 1
9501 1
9502 2
9503 2
9504 1
9505 2
9506 2
9507 1
9508 1
9509 2
9510 1
9511 2
9512 2
9513 1
9514 2
9515 2
9516 1
9517 1
9518 2
9519 1
9520 1
9521 2
9522 1
9523 2
9524 2
9525 1
9526 1
9527 2
9528 1
9529 1
9530 2
9531 2
9532 1
9533 2
9534 2
9535 1
9536 2
9537 1
9538 1
9539 2
9540 1
9541 2
9542 2
9543 1
9544 1
9545 2
9546 1
9547 1
9548 2
9549 2
9550 1
9551 2
9552 1
9553 1
9554 2
9555 1
9556 1
9557 2
9558 2
9559 1
9560 2
9561 2
9562 1
9563 2
9564 1
9565 1
9566 2
9567 1
9568 2
9569 2
9570 1
9571 1
9572 2
9573 1
9574 1
9575 2
9576 1
9577 2
9578 2
9579 1
9580 2
9581 2
9582 1
9583 1
9584 2
9585 1
9586 2
9587 2
9588 1
9589 2
9590 1
9591 1
9592 2
9593 2
9594 1
9595 2
9596 2
9597 1
9598 1
9599 2
9600 1
9601 1
9602 2
9603 1
9604 2
9605 2
9606 1
9607 2
9608 1
9609 1
9610 2
9611 2
9612 1
9613 2
9614 2
9615 1
9616 2
9617 1
9618 1
9619 2
9620 1
9621 1
9622 2
9623 2
9624 1
9625 2
9626 1
9627 1
9628 2
9629 1
9630 2
9631 2
9632 1
9633 2
9634 2
9635 1
9636 1
9637 2
9638 1
9639 1
9640 2
9641 1
9642 2
9643 2
9644 1
9645 1
9646 2
9647 1
9648 1
9649 2
9650 2
9651 1
9652 2
9653 1
9654 1
9655 2
9656 1
9657 2
9658 2
9659 1
9660 2
9661 2
9662 1
9663 1
9664 2
9665 1
9666 2
9667 2
9668 1
9669 2
9670 1
9671 1
9672 2
9673 2
9674 1
9675 2
9676 2
9677 1
9678 2
9679 1
9680 1
9681 2
9682 1
9683 1
9684 2
9685 2
9686 1
9687 2
9688 2
9689 1
9690 1
9691 2
9692 1
9693 2
9694 2
9695 1
9696 2
9697 1
9698 1
9699 2
9700 2
9701 1
9702 2
9703 2
9704 1
9705 2
9706 1
9707 1
9708 2
9709 1
9710 2
9711 2
9712 1
9713 1
9714 2
9715 1
9716 1
9717 2
9718 2
9719 1
9720 2
9721 2
9722 1
9723 2
9724 1
9725 1
9726 2
9727 2
9728 1
9729 2
9730 2
9731 1
9732 1
9733 2
9734 1
9735 2
9736 2
9737 1
9738 2
9739 2
9740 1
9741 1
9742 2
9743 1
9744 1
9745 2
9746 1
9747 2
9748 2
9749 1
9750 2
9751 1
9752 1
9753 2
9754 2
9755 1
9756 2
9757 2
9758 1
9759 2
9760 1
9761 1
9762 2
9763 1
9764 1
9765 2
9766 2
9767 1
9768 2
9769 1
9770 1
9771 2
9772 1
9773 2
9774 2
9775 1
9776 2
9777 2
9778 1
9779 1
9780 2
9781 1
9782 1
9783 2
9784 1
9785 2
9786 2
9787 1
9788 1
9789 2
9790 1
9791 1
9792 2
9793 2
9794 1
9795 2
9796 1
9797 1
9798 2
9799 1
9800 1
9801 2
9802 2
9803 1
9804 2
9805 2
9806 1
9807 1
9808 2
9809 1
9810 2
9811 2
9812 1
9813 2
9814 1
9815 1
9816 2
9817 1
9818 1
9819 2
9820 2
9821 1
9822 2
9823 2
9824 1
9825 2
9826 1
9827 1
9828 2
9829 2
9830 1
9831 2
9832 2
9833 1
9834 1
9835 2
9836 1
9837 2
9838 2
9839 1
9840 2
9841 1
9842 1
9843 2
9844 1
9845 1
9846 2
9847 2
9848 1
9849 2
9850 1
9851 1
9852 2
9853 1
9854 2
9855 2
9856 1
9857 1
9858 2
9859 1
9860 1
9861 2
9862 1
9863 2
9864 2
9865 1
9866 2
9867 1
9868 1
9869 2
9870 2
9871 1
9872 2
9873 2
9874 1
9875 1
9876 2
9877 1
9878 2
9879 2
9880 1
9881 2
9882 2
9883 1
9884 1
9885 2
9886 1
9887 1
9888 2
9889 1
9890 2
9891 2
9892 1
9893 1
9894 2
9895 1
9896 1
9897 2
9898 2
9899 1
9900 2
9901 2
9902 1
9903 2
9904 1
9905 1
9906 2
9907 1
9908 2
9909 2
9910 1
9911 1
9912 2
9913 1
9914 1
9915 2
9916 1
9917 2
9918 2
9919 1
9920 2
9921 2
9922 1
9923 1
9924 2
9925 1
9926 1
9927 2
9928 2
9929 1
9930 2
9931 1
9932 1
9933 2
9934 1
9935 2
9936 2
9937 1
9938 1
9939 2
9940 1
9941 1
9942 2
9943 1
9944 2
9945 2
9946 1
9947 2
9948 2
9949 1
9950 1
9951 2
9952 1
9953 2
9954 2
9955 1
9956 2
9957 1
9958 1
9959 2
9960 1
9961 1
9962 2
9963 2
9964 1
9965 2
9966 2
9967 1
9968 1
9969 2
9970 1
9971 2
9972 2
9973 1
9974 2
9975 1
9976 1
9977 2
9978 2
9979 1
9980 2
9981 2
9982 1
9983 2
9984 1
9985 1
9986 2
9987 1
9988 2
9989 2
9990 1
9991 1
9992 2
9993 1
9994 1
9995 2
9996 2
9997 1
9998 2
9999 2
10000 1
10001 2
10002 1
10003 1
10004 2
10005 2
10006 1
10007 2
10008 2
10009 1
10010 1
10011 2
10012 1
10013 2
10014 2
10015 1
10016 2
10017 1
10018 1
10019 2
10020 1
10021 1
10022 2
10023 2
10024 1
10025 2
10026 2
10027 1
10028 1
10029 2
10030 1
10031 2
10032 2
10033 1
10034 2
10035 2
10036 1
10037 1
10038 2
10039 1
10040 1
10041 2
10042 1
10043 2
10044 2
10045 1
10046 1
10047 2
10048 1
10049 1
10050 2
10051 2
10052 1
10053 2
10054 2
10055 1
10056 2
10057 1
10058 1
10059 2
10060 1
10061 1
10062 2
10063 2
10064 1
10065 2
10066 1
10067 1
10068 2
10069 1
10070 2
10071 2
10072 1
10073 1
10074 2
10075 1
10076 1
10077 2
10078 2
10079 1
10080 2
10081 2
10082 1
10083 2
10084 1
10085 1
10086 2
10087 2
10088 1
10089 2
10090 2
10091 1
10092 1
10093 2
10094 1
10095 2
10096 2
10097 1
10098 2
10099 2
10100 1
10101 1
10102 2
10103 1
10104 1
10105 2
10106 1
10107 2
10108 2
10109 1
10110 2
10111 1
10112 1
10113 2
10114 2
10115 1
10116 2
10117 2
10118 1
10119 1
10120 2
10121 1
10122 1
10123 2
10124 1
10125 2
10126 2
10127 1
10128 1
10129 2
10130 1
10131 1
10132 2
10133 2
10134 1
10135 2
10136 1
10137 1
10138 2
10139 1
10140 1
10141 2
10142 2
10143 1
10144 2
10145 2
10146 1
10147 1
10148 2
10149 1
10150 2
10151 2
10152 1
10153 2
10154 1
10155 1
10156 2
10157 2
10158 1
10159 2
10160 2
10161 1
10162 2
10163 1
10164 1
10165 2
10166 1
10167 1
10168 2
10169 2
10170 1
10171 2
10172 1
10173 1
10174 2
10175 1
10176 2
10177 2
10178 1
10179 2
10180 2
10181 1
10182 1
10183 2
10184 1
10185 1
10186 2
10187 2
10188 1
10189 2
10190 1
10191 1
10192 2
10193 1
10194 2
10195 2
10196 1
10197 1
10198 2
10199 1
10200 1
10201 2
10202 1
10203 2
10204 2
10205 1
10206 2
10207 1
10208 1
10209 2
10210 2
10211 1
10212 2
10213 2
10214 1
10215 1
10216 2
10217 1
10218 1
10219 2
10220 1
10221 2
10222 2
10223 1
10224 1
10225 2
10226 1
10227 1
10228 2
10229 2
10230 1
10231 2
10232 1
10233 1
10234 2
10235 1
10236 1
10237 2
10238 2
10239 1
10240 2
10241 2
10242 1
10243 2
10244 1
10245 1
10246 2
10247 1
10248 2
10249 2
10250 1
10251 1
10252 2
10253 1
10254 1
10255 2
10256 2
10257 1
10258 2
10259 1
10260 1
10261 2
10262 1
10263 1
10264 2
10265 2
10266 1
10267 2
10268 2
10269 1
10270 1
10271 2
10272 1
10273 2
10274 2
10275 1
10276 2
10277 1
10278 1
10279 2
10280 1
10281 1
10282 2
10283 2
10284 1
10285 2
10286 1
10287 1
10288 2
10289 1
10290 2
10291 2
10292 1
10293 1
10294 2
10295 1
10296 1
10297 2
10298 2
10299 1
10300 2
10301 2
10302 1
10303 2
10304 1
10305 1
10306 2
10307 1
10308 2
10309 2
10310 1
10311 1
10312 2
10313 1
10314 1
10315 2
10316 1
10317 2
10318 2
10319 1
10320 2
10321 2
10322 1
10323 1
10324 2
10325 1
10326 2
10327 2
10328 1
10329 2
10330 1
10331 1
10332 2
10333 2
10334 1
10335 2
10336 2
10337 1
10338 1
10339 2
10340 1
10341 1
10342 2
10343 1
10344 2
10345 2
10346 1
10347 1
10348 2
10349 1
10350 1
10351 2
10352 2
10353 1
10354 2
10355 1
10356 1
10357 2
10358 1
10359 1
10360 2
10361 2
10362 1
10363 2
10364 2
10365 1
10366 1
10367 2
10368 1
10369 2
10370 2
10371 1
10372 2
10373 1
10374 1
10375 2
10376 1
10377 1
10378 2
10379 2
10380 1
10381 2
10382 2
10383 1
10384 2
10385 1
10386 1
10387 2
10388 2
10389 1
10390 2
10391 2
10392 1
10393 1
10394 2
10395 1
10396 2
10397 2
10398 1
10399 2
10400 2
10401 1
10402 1
10403 2
10404 1
10405 1
10406 2
10407 2
10408 1
10409 2
10410 1
10411 1
10412 2
10413 1
10414 2
10415 2
10416 1
10417 1
10418 2
10419 1
10420 1
10421 2
10422 1
10423 2
10424 2
10425 1
10426 2
10427 2
10428 1
10429 1
10430 2
10431 1
10432 1
10433 2
10434 2
10435 1
10436 2
10437 1
10438 1
10439 2
10440 1
10441 1
10442 2
10443 2
10444 1
10445 2
10446 2
10447 1
10448 2
10449 1
10450 1
10451 2
10452 2
10453 1
10454 2
10455 2
10456 1
10457 1
10458 2
10459 1
10460 1
10461 2
10462 1
10463 2
10464 2
10465 1
10466 2
10467 1
10468 1
10469 2
10470 2
10471 1
10472 2
10473 2
10474 1
10475 1
10476 2
10477 1
10478 2
10479 2
10480 1
10481 2
10482 2
10483 1
10484 1
10485 2
10486 1
10487 1
10488 2
10489 1
10490 2
10491 2
10492 1
10493 2
10494 1
10495 1
10496 2
10497 2
10498 1
10499 2
10500 2
10501 1
10502 2
