0 1
1 1
2 1
3 2
4 1
5 1
6 2
7 1
8 1
9 1
10 1
11 1
12 2
13 2
14 1
15 3
16 1
17 2
18 2
19 1
20 1
21 1
22 3
23 1
24 1
25 2
26 2
27 2
28 1
29 1
30 1
31 1
32 3
33 2
34 1
35 3
36 2
37 1
38 1
39 3
40 1
41 1
42 3
43 1
44 2
45 1
46 1
47 1
48 3
49 1
50 2
51 2
52 1
53 1
54 3
55 2
56 1
57 1
58 3
59 1
60 1
61 1
62 2
63 3
64 1
65 1
66 3
67 1
68 1
69 2
70 2
71 1
72 1
73 1
74 1
75 1
76 3
77 1
78 2
79 2
80 1
81 1
82 3
83 3
84 1
85 1
86 2
87 1
88 3
89 2
90 1
91 1
92 3
93 2
94 1
95 2
96 2
97 2
98 1
99 3
100 1
101 1
102 3
103 1
104 1
105 2
106 2
107 2
108 1
109 2
110 3
111 2
112 1
113 1
114 2
115 1
116 1
117 1
118 3
119 1
120 2
121 2
122 1
123 1
124 3
125 1
126 2
127 1
128 1
129 3
130 2
131 1
132 1
133 1
134 3
135 2
136 1
137 1
138 3
139 2
140 1
141 3
142 2
143 1
144 1
145 1
146 2
147 1
148 3
149 1
150 2
151 2
152 1
153 1
154 2
155 3
156 1
157 1
158 3
159 1
160 1
161 2
162 2
163 2
164 1
165 1
166 3
167 1
168 1
169 1
170 2
171 2
172 1
173 1
174 3
175 1
176 2
177 2
178 1
179 1
180 1
181 1
182 3
183 1
184 2
185 2
186 1
187 1
188 3
189 1
190 2
191 1
192 1
193 1
194 3
195 1
196 2
197 3
198 1
199 1
200 2
201 1
202 1
203 1
204 3
205 1
206 1
207 2
208 2
209 2
210 1
211 1
212 2
213 1
214 3
215 2
216 1
217 1
218 3
219 2
220 1
221 3
222 2
223 2
224 1
225 1
226 3
227 3
228 1
229 2
230 2
231 2
232 1
233 1
234 3
235 1
236 1
237 2
238 2
239 1
240 1
241 3
242 1
243 1
244 3
245 1
246 1
247 2
248 2
249 2
250 1
251 1
252 3
253 1
254 1
255 1
256 2
257 3
258 1
259 1
260 3
261 1
262 1
263 1
264 2
265 1
266 3
267 2
268 1
269 1
270 2
271 3
272 1
273 1
274 3
275 2
276 1
277 3
278 2
279 2
280 1
281 1
282 2
283 1
284 1
285 1
286 3
287 1
288 2
289 2
290 1
291 1
292 3
293 1
294 2
295 1
296 1
297 1
298 3
299 2
300 2
301 2
302 1
303 2
304 3
305 1
306 1
307 3
308 2
309 2
310 1
311 1
312 3
313 2
314 1
315 2
316 2
317 2
318 1
319 1
320 3
321 2
322 1
323 1
324 3
325 2
326 1
327 3
328 2
329 2
330 1
331 1
332 3
333 3
334 1
335 1
336 2
337 1
338 3
339 2
340 1
341 1
342 3
343 3
344 1
345 1
346 2
347 1
348 1
349 1
350 3
351 1
352 2
353 2
354 1
355 1
356 2
357 1
358 3
359 2
360 1
361 1
362 3
363 1
364 2
365 1
366 1
367 1
368 3
369 2
370 2
371 2
372 1
373 1
374 2
375 3
376 1
377 1
378 3
379 1
380 1
381 2
382 2
383 2
384 1
385 1
386 3
387 1
388 1
389 1
390 2
391 3
392 1
393 1
394 3
395 3
396 2
397 1
398 1
399 1
400 2
401 1
402 3
403 2
404 1
405 1
406 3
407 2
408 2
409 2
410 1
411 1
412 3
413 1
414 2
415 1
416 1
417 3
418 2
419 1
420 1
421 1
422 1
423 1
424 3
425 1
426 2
427 2
428 1
429 1
430 3
431 1
432 2
433 1
434 1
435 1
436 3
437 2
438 2
439 2
440 1
441 2
442 3
443 2
444 1
445 1
446 2
447 1
448 1
449 1
450 3
451 1
452 2
453 2
454 1
455 2
456 3
457 2
458 1
459 1
460 2
461 3
462 1
463 1
464 3
465 1
466 1
467 2
468 2
469 2
470 1
471 1
472 2
473 1
474 1
475 1
476 3
477 1
478 2
479 2
480 1
481 1
482 3
483 1
484 1
485 1
486 2
487 3
488 1
489 1
490 3
491 3
492 2
493 2
494 1
495 1
496 2
497 1
498 3
499 2
500 1
501 1
502 3
503 2
504 1
505 3
506 2
507 2
508 1
509 1
510 3
511 3
512 1
513 1
514 2
515 1
516 3
517 2
518 1
519 2
520 3
521 1
522 2
523 3
524 1
525 1
526 2
527 1
528 1
529 1
530 3
531 1
532 2
533 2
534 1
535 1
536 3
537 3
538 2
539 2
540 1
541 1
542 3
543 1
544 1
545 1
546 2
547 2
548 1
549 1
550 3
551 1
552 2
553 2
554 1
555 3
556 1
557 1
558 3
559 1
560 1
561 2
562 2
563 2
564 1
565 1
566 3
567 1
568 1
569 1
570 2
571 3
572 1
573 1
574 3
575 3
576 2
577 1
578 1
579 1
580 2
581 1
582 3
583 1
584 2
585 2
586 1
587 1
588 2
589 3
590 1
591 1
592 3
593 1
594 1
595 2
596 2
597 1
598 1
599 1
600 2
601 1
602 3
603 1
604 2
605 2
606 1
607 1
608 2
609 1
610 3
611 2
612 1
613 1
614 3
615 2
616 1
617 3
618 2
619 2
620 1
621 1
622 2
623 3
624 1
625 1
626 3
627 1
628 1
629 2
630 2
631 2
632 1
633 1
634 3
635 3
636 1
637 1
638 2
639 1
640 3
641 2
642 1
643 2
644 3
645 2
646 2
647 2
648 1
649 1
650 2
651 1
652 1
653 1
654 3
655 1
656 2
657 2
658 1
659 1
660 3
661 1
662 2
663 1
664 1
665 1
666 3
667 2
668 2
669 2
670 1
671 2
672 3
673 2
674 1
675 1
676 2
677 1
678 1
679 1
680 3
681 1
682 2
683 1
684 1
685 1
686 2
687 1
688 3
689 1
690 1
691 1
692 2
693 1
694 3
695 2
696 1
697 1
698 2
699 3
700 1
701 1
702 3
703 1
704 1
705 2
706 2
707 2
708 1
709 2
710 3
711 2
712 2
713 2
714 1
715 1
716 3
717 3
718 1
719 2
720 2
721 2
722 1
723 1
724 3
725 1
726 1
727 2
728 2
729 1
730 1
731 1
732 3
733 2
734 1
735 1
736 3
737 2
738 1
739 3
740 2
741 2
742 1
743 1
744 3
745 3
746 1
747 1
748 2
749 1
750 3
751 2
752 1
753 2
754 3
755 1
756 2
757 3
758 1
759 1
760 2
761 1
762 1
763 1
764 3
765 1
766 1
767 2
768 2
769 2
770 1
771 1
772 2
773 1
774 3
775 2
776 1
777 1
778 3
779 2
780 1
781 2
782 2
783 3
784 1
785 1
786 2
787 1
788 1
789 1
790 3
791 1
792 1
793 2
794 2
795 2
796 1
797 1
798 2
799 1
800 1
801 1
802 3
803 1
804 2
805 2
806 1
807 1
808 3
809 1
810 2
811 1
812 1
813 1
814 3
815 2
816 2
817 2
818 1
819 1
820 2
821 1
822 3
823 2
824 1
825 1
826 3
827 2
828 1
829 3
830 2
831 2
832 1
833 2
834 3
835 2
836 1
837 1
838 2
839 1
840 1
841 1
842 3
843 1
844 2
845 1
846 1
847 1
848 2
849 1
850 3
851 3
852 2
853 2
854 1
855 1
856 2
857 3
858 1
859 1
860 3
861 1
862 1
863 2
864 2
865 2
866 1
867 1
868 3
869 1
870 1
871 1
872 2
873 3
874 1
875 1
876 3
877 3
878 2
879 1
880 1
881 1
882 2
883 1
884 3
885 1
886 2
887 2
888 1
889 1
890 2
891 3
892 1
893 1
894 3
895 1
896 1
897 1
898 2
899 3
900 1
901 1
902 2
903 1
904 1
905 1
906 3
907 3
908 1
909 1
910 2
911 1
912 1
913 1
914 3
915 1
916 2
917 2
918 1
919 1
920 2
921 1
922 3
923 2
924 1
925 1
926 3
927 2
928 1
929 3
930 2
931 1
932 1
933 1
934 2
935 1
936 3
937 3
938 2
939 2
940 1
941 2
942 3
943 1
944 1
945 3
946 2
947 2
948 1
949 1
950 3
951 2
952 1
953 2
954 2
955 2
956 1
957 1
958 1
959 1
960 3
961 1
962 2
963 2
964 1
965 1
966 3
967 1
968 2
969 1
970 1
971 1
972 3
973 2
974 2
975 2
976 1
977 2
978 3
979 2
980 1
981 1
982 2
983 1
984 1
985 1
986 3
987 1
988 2
989 1
990 1
991 1
992 2
993 1
994 3
995 1
996 1
997 1
998 2
999 1
1000 3
1001 2
1002 1
1003 1
1004 2
1005 3
1006 1
1007 1
1008 3
1009 2
1010 1
1011 3
1012 2
1013 2
1014 1
1015 1
1016 2
1017 1
1018 1
1019 1
1020 3
1021 1
1022 2
1023 2
1024 1
1025 1
1026 3
1027 1
1028 2
1029 1
1030 1
1031 2
1032 2
1033 1
1034 3
1035 2
1036 1
1037 1
1038 2
1039 3
1040 1
1041 1
1042 3
1043 2
1044 1
1045 3
1046 2
1047 2
1048 1
1049 1
1050 2
1051 3
1052 1
1053 1
1054 3
1055 1
1056 1
1057 2
1058 2
1059 2
1060 1
1061 1
1062 3
1063 1
1064 1
1065 1
1066 2
1067 3
1068 1
1069 1
1070 3
1071 3
1072 2
1073 2
1074 1
1075 1
1076 2
1077 1
1078 1
1079 1
1080 3
1081 1
1082 2
1083 2
1084 1
1085 1
1086 3
1087 1
1088 2
1089 1
1090 1
1091 1
1092 3
1093 2
1094 2
1095 1
1096 1
1097 1
1098 2
1099 1
1100 3
1101 1
1102 2
1103 2
1104 1
1105 1
1106 2
1107 3
1108 1
1109 1
1110 3
1111 1
1112 1
1113 1
1114 2
1115 3
1116 1
1117 1
1118 2
1119 1
1120 1
1121 2
1122 3
1123 2
1124 2
1125 2
1126 1
1127 1
1128 2
1129 1
1130 3
1131 2
1132 1
1133 1
1134 3
1135 2
1136 1
1137 3
1138 2
1139 2
1140 1
1141 1
1142 3
1143 3
1144 1
1145 1
1146 2
1147 1
1148 3
1149 2
1150 1
1151 2
1152 3
1153 1
1154 2
1155 3
1156 1
1157 1
1158 2
1159 1
1160 1
1161 1
1162 3
1163 1
1164 1
1165 2
1166 2
1167 2
1168 1
1169 1
1170 2
1171 1
1172 3
1173 2
1174 1
1175 1
1176 3
1177 3
1178 1
1179 1
1180 2
1181 1
1182 3
1183 2
1184 1
1185 1
1186 2
1187 3
1188 1
1189 2
1190 3
1191 2
1192 1
1193 1
1194 2
1195 3
1196 1
1197 1
1198 3
1199 1
1200 1
1201 2
1202 2
1203 2
1204 1
1205 1
1206 2
1207 1
1208 1
1209 1
1210 3
1211 1
1212 2
1213 2
1214 1
1215 1
1216 3
1217 1
1218 2
1219 1
1220 1
1221 1
1222 3
1223 1
1224 2
1225 3
1226 1
1227 1
1228 2
1229 1
1230 1
1231 2
1232 3
1233 2
1234 2
1235 1
1236 1
1237 1
1238 2
1239 1
1240 3
1241 2
1242 1
1243 1
1244 3
1245 2
1246 2
1247 2
1248 1
1249 1
1250 3
1251 1
1252 2
1253 1
1254 1
1255 3
1256 2
1257 1
1258 1
1259 3
1260 1
1261 1
1262 3
1263 1
1264 1
1265 2
1266 2
1267 2
1268 1
1269 1
1270 3
1271 1
1272 1
1273 1
1274 2
1275 3
1276 1
1277 1
1278 3
1279 3
1280 2
1281 1
1282 1
1283 1
1284 2
1285 1
1286 3
1287 1
1288 2
1289 2
1290 1
1291 1
1292 2
1293 3
1294 1
1295 1
1296 3
1297 1
1298 1
1299 1
1300 2
1301 3
1302 1
1303 1
1304 2
1305 1
1306 1
1307 1
1308 3
1309 3
1310 1
1311 1
1312 2
1313 1
1314 1
1315 1
1316 3
1317 1
1318 2
1319 2
1320 1
1321 1
1322 2
1323 1
1324 3
1325 2
1326 1
1327 1
1328 3
1329 1
1330 2
1331 1
1332 1
1333 1
1334 3
1335 2
1336 2
1337 2
1338 1
1339 1
1340 2
1341 3
1342 1
1343 1
1344 3
1345 1
1346 1
1347 2
1348 2
1349 2
1350 1
1351 1
1352 3
1353 1
1354 1
1355 1
1356 2
1357 2
1358 1
1359 2
1360 2
1361 1
1362 1
1363 1
1364 3
1365 1
1366 2
1367 2
1368 1
1369 1
1370 2
1371 1
1372 3
1373 2
1374 1
1375 1
1376 3
1377 1
1378 2
1379 1
1380 1
1381 1
1382 3
1383 2
1384 2
1385 2
1386 1
1387 1
1388 2
1389 1
1390 3
1391 2
1392 1
1393 1
1394 3
1395 2
1396 1
1397 3
1398 2
1399 2
1400 1
1401 1
1402 3
1403 3
1404 1
1405 1
1406 2
1407 1
1408 3
1409 2
1410 1
1411 2
1412 3
1413 2
1414 2
1415 2
1416 1
1417 1
1418 2
1419 3
1420 1
1421 1
1422 3
1423 1
1424 1
1425 2
1426 2
1427 2
1428 1
1429 1
1430 3
1431 1
1432 1
1433 1
1434 2
1435 3
1436 1
1437 1
1438 3
1439 2
1440 2
1441 3
1442 1
1443 1
1444 2
1445 1
1446 1
1447 1
1448 3
1449 1
1450 1
1451 2
1452 2
1453 2
1454 1
1455 1
1456 2
1457 1
1458 3
1459 2
1460 1
1461 1
1462 3
1463 3
1464 1
1465 1
1466 2
1467 1
1468 3
1469 2
1470 1
1471 1
1472 2
1473 2
1474 1
1475 1
1476 2
1477 1
1478 3
1479 3
1480 2
1481 2
1482 1
1483 1
1484 2
1485 1
1486 1
1487 1
1488 3
1489 1
1490 2
1491 2
1492 1
1493 1
1494 3
1495 1
1496 2
1497 1
1498 1
1499 1
1500 3
1501 2
1502 2
1503 2
1504 1
1505 2
1506 3
1507 2
1508 1
1509 1
1510 2
1511 1
1512 1
1513 1
1514 3
1515 1
1516 2
1517 1
1518 1
1519 1
1520 2
1521 1
1522 3
1523 1
1524 1
1525 1
1526 2
1527 1
1528 3
1529 2
1530 1
1531 1
1532 2
1533 3
1534 1
1535 1
1536 3
1537 2
1538 1
1539 3
1540 2
1541 2
1542 1
1543 1
1544 2
1545 1
1546 1
1547 1
1548 3
1549 1
1550 2
1551 2
1552 1
1553 2
1554 3
1555 2
1556 1
1557 1
1558 2
1559 1
1560 1
1561 1
1562 3
1563 1
1564 2
1565 2
1566 1
1567 1
1568 2
1569 1
1570 3
1571 1
1572 1
1573 1
1574 2
1575 1
1576 3
1577 1
1578 2
1579 2
1580 1
1581 1
1582 2
1583 1
1584 3
1585 2
1586 1
1587 1
1588 3
1589 2
1590 1
1591 3
1592 2
1593 2
1594 1
1595 1
1596 2
1597 3
1598 1
1599 1
1600 3
1601 1
1602 1
1603 2
1604 2
1605 2
1606 1
1607 1
1608 3
1609 1
1610 1
1611 1
1612 2
1613 3
1614 1
1615 1
1616 3
1617 1
1618 1
1619 1
1620 2
1621 1
1622 3
1623 2
1624 1
1625 1
1626 2
1627 2
1628 1
1629 1
1630 2
1631 1
1632 3
1633 2
1634 2
1635 3
1636 1
1637 1
1638 2
1639 1
1640 1
1641 1
1642 3
1643 1
1644 2
1645 2
1646 1
1647 1
1648 3
1649 3
1650 2
1651 2
1652 1
1653 1
1654 3
1655 1
1656 1
1657 1
1658 2
1659 2
1660 1
1661 1
1662 3
1663 1
1664 2
1665 2
1666 1
1667 1
1668 3
1669 2
1670 1
1671 1
1672 3
1673 2
1674 1
1675 3
1676 2
1677 2
1678 1
1679 1
1680 3
1681 3
1682 1
1683 1
1684 2
1685 1
1686 3
1687 2
1688 1
1689 2
1690 3
1691 1
1692 2
1693 3
1694 1
1695 1
1696 2
1697 1
1698 1
1699 1
1700 3
1701 1
1702 1
1703 2
1704 2
1705 2
1706 1
1707 1
1708 2
1709 1
1710 3
1711 2
1712 1
1713 1
1714 3
1715 3
1716 1
1717 1
1718 2
1719 1
1720 3
1721 2
1722 1
1723 1
1724 2
1725 3
1726 1
1727 2
1728 3
1729 2
1730 1
1731 1
1732 2
1733 3
1734 1
1735 1
1736 3
1737 1
1738 1
1739 2
1740 2
1741 2
1742 1
1743 1
1744 2
1745 1
1746 1
1747 1
1748 3
1749 1
1750 2
1751 2
1752 1
1753 1
1754 3
1755 1
1756 1
1757 1
1758 2
1759 3
1760 1
1761 1
1762 3
1763 3
1764 2
1765 2
1766 1
1767 1
1768 2
1769 1
1770 3
1771 2
1772 1
1773 1
1774 3
1775 2
1776 1
1777 3
1778 2
1779 2
1780 1
1781 1
1782 3
1783 3
1784 1
1785 2
1786 2
1787 1
1788 1
1789 2
1790 2
1791 3
1792 1
1793 1
1794 3
1795 1
1796 1
1797 2
1798 2
1799 2
1800 1
1801 1
1802 2
1803 1
1804 1
1805 1
1806 3
1807 1
1808 2
1809 2
1810 1
1811 1
1812 3
1813 1
1814 1
1815 1
1816 2
1817 3
1818 1
1819 1
1820 3
1821 3
1822 2
1823 2
1824 1
1825 1
1826 2
1827 1
1828 1
1829 1
1830 3
1831 1
1832 2
1833 2
1834 1
1835 1
1836 3
1837 1
1838 2
1839 1
1840 1
1841 1
1842 3
1843 2
1844 2
1845 2
1846 1
1847 2
1848 3
1849 2
1850 1
1851 1
1852 2
1853 1
1854 1
1855 1
1856 3
1857 1
1858 2
1859 1
1860 1
1861 1
1862 2
1863 1
1864 3
1865 3
1866 2
1867 2
1868 1
1869 1
1870 2
1871 1
1872 3
1873 2
1874 1
1875 1
1876 3
1877 2
1878 1
1879 3
1880 2
1881 2
1882 1
1883 1
1884 3
1885 3
1886 1
1887 1
1888 2
1889 1
1890 3
1891 2
1892 1
1893 1
1894 3
1895 2
1896 2
1897 1
1898 3
1899 2
1900 1
1901 1
1902 2
1903 3
1904 1
1905 1
1906 3
1907 2
1908 1
1909 3
1910 2
1911 2
1912 1
1913 1
1914 2
1915 1
1916 1
1917 1
1918 3
1919 1
1920 2
1921 2
1922 1
1923 2
1924 3
1925 2
1926 1
1927 1
1928 2
1929 1
1930 1
1931 1
1932 3
1933 1
1934 2
1935 2
1936 1
1937 2
1938 2
1939 2
1940 1
1941 1
1942 2
1943 1
1944 1
1945 2
1946 3
1947 2
1948 2
1949 2
1950 1
1951 1
1952 2
1953 3
1954 1
1955 1
1956 3
1957 1
1958 1
1959 2
1960 2
1961 2
1962 1
1963 1
1964 3
1965 1
1966 1
1967 1
1968 2
1969 3
1970 1
1971 1
1972 3
1973 3
1974 2
1975 1
1976 1
1977 1
1978 2
1979 1
1980 3
1981 1
1982 2
1983 2
1984 1
1985 1
1986 2
1987 3
1988 1
1989 1
1990 3
1991 1
1992 1
1993 1
1994 2
1995 3
1996 1
1997 1
1998 2
1999 1
2000 1
2001 1
2002 3
2003 3
2004 1
2005 1
2006 2
2007 1
2008 1
2009 1
2010 3
2011 1
2012 2
2013 2
2014 1
2015 1
2016 2
2017 1
2018 3
2019 2
2020 1
2021 1
2022 3
2023 1
2024 2
2025 1
2026 1
2027 1
2028 3
2029 2
2030 2
2031 2
2032 1
2033 1
2034 2
2035 3
2036 1
2037 1
2038 3
2039 1
2040 1
2041 2
2042 2
2043 1
2044 1
2045 1
2046 2
2047 1
2048 3
2049 1
2050 2
2051 2
2052 1
2053 1
2054 2
2055 3
2056 1
2057 1
2058 3
2059 1
2060 1
2061 2
2062 2
2063 2
2064 1
2065 1
2066 2
2067 1
2068 1
2069 1
2070 3
2071 3
2072 1
2073 1
2074 2
2075 1
2076 1
2077 1
2078 3
2079 1
2080 1
2081 2
2082 2
2083 2
2084 1
2085 1
2086 2
2087 1
2088 1
2089 1
2090 3
2091 1
2092 2
2093 2
2094 1
2095 1
2096 3
2097 1
2098 2
2099 1
2100 1
2101 1
2102 3
2103 2
2104 2
2105 2
2106 1
2107 1
2108 2
2109 1
2110 3
2111 2
2112 1
2113 1
2114 3
2115 2
2116 1
2117 3
2118 2
2119 2
2120 1
2121 1
2122 3
2123 3
2124 1
2125 1
2126 2
2127 1
2128 3
2129 2
2130 1
2131 1
2132 3
2133 3
2134 1
2135 1
2136 2
2137 1
2138 1
2139 1
2140 3
2141 1
2142 2
2143 2
2144 1
2145 2
2146 2
2147 2
2148 1
2149 1
2150 2
2151 1
2152 1
2153 1
2154 3
2155 2
2156 2
2157 1
2158 3
2159 2
2160 1
2161 1
2162 2
2163 3
2164 1
2165 1
2166 3
2167 1
2168 1
2169 2
2170 2
2171 2
2172 1
2173 2
2174 3
2175 2
2176 2
2177 2
2178 1
2179 1
2180 3
2181 3
2182 1
2183 2
2184 2
2185 2
2186 1
2187 1
2188 3
2189 1
2190 1
2191 2
2192 2
2193 1
2194 1
2195 1
2196 1
2197 1
2198 3
2199 1
2200 2
2201 2
2202 1
2203 1
2204 3
2205 1
2206 2
2207 1
2208 1
2209 1
2210 3
2211 2
2212 2
2213 2
2214 1
2215 2
2216 3
2217 2
2218 1
2219 1
2220 2
2221 1
2222 1
2223 1
2224 3
2225 1
2226 2
2227 1
2228 1
2229 1
2230 2
2231 1
2232 3
2233 1
2234 1
2235 1
2236 2
2237 1
2238 3
2239 2
2240 1
2241 1
2242 2
2243 3
2244 1
2245 1
2246 3
2247 2
2248 1
2249 3
2250 2
2251 2
2252 1
2253 1
2254 2
2255 1
2256 1
2257 1
2258 3
2259 1
2260 2
2261 2
2262 1
2263 2
2264 3
2265 2
2266 1
2267 1
2268 2
2269 1
2270 1
2271 1
2272 3
2273 1
2274 2
2275 2
2276 1
2277 1
2278 2
2279 1
2280 3
2281 1
2282 1
2283 1
2284 2
2285 1
2286 3
2287 1
2288 2
2289 2
2290 1
2291 1
2292 2
2293 1
2294 3
2295 2
2296 1
2297 1
2298 3
2299 2
2300 1
2301 3
2302 2
2303 2
2304 1
2305 1
2306 2
2307 3
2308 1
2309 1
2310 3
2311 1
2312 1
2313 2
2314 2
2315 2
2316 1
2317 1
2318 3
2319 3
2320 1
2321 1
2322 2
2323 1
2324 3
2325 2
2326 1
2327 2
2328 3
2329 2
2330 2
2331 2
2332 1
2333 1
2334 2
2335 1
2336 1
2337 1
2338 3
2339 1
2340 2
2341 2
2342 1
2343 1
2344 3
2345 1
2346 2
2347 1
2348 1
2349 1
2350 3
2351 2
2352 2
2353 2
2354 1
2355 2
2356 3
2357 1
2358 1
2359 2
2360 2
2361 2
2362 1
2363 2
2364 2
2365 1
2366 3
2367 2
2368 1
2369 1
2370 3
2371 2
2372 1
2373 3
2374 2
2375 2
2376 1
2377 1
2378 2
2379 3
2380 1
2381 1
2382 3
2383 1
2384 1
2385 2
2386 2
2387 2
2388 1
2389 1
2390 3
2391 3
2392 1
2393 1
2394 2
2395 1
2396 3
2397 2
2398 1
2399 2
2400 3
2401 2
2402 2
2403 2
2404 1
2405 1
2406 2
2407 3
2408 1
2409 1
2410 3
2411 1
2412 1
2413 2
2414 2
2415 2
2416 1
2417 1
2418 3
2419 1
2420 1
2421 1
2422 2
2423 3
2424 1
2425 1
2426 3
2427 3
2428 2
2429 1
2430 1
2431 1
2432 2
2433 1
2434 3
2435 1
2436 2
2437 2
2438 1
2439 1
2440 2
2441 3
2442 1
2443 1
2444 3
2445 1
2446 1
2447 1
2448 2
2449 3
2450 1
2451 1
2452 2
2453 1
2454 1
2455 2
2456 3
2457 2
2458 2
2459 2
2460 1
2461 1
2462 2
2463 1
2464 1
2465 1
2466 3
2467 1
2468 2
2469 2
2470 1
2471 1
2472 3
2473 1
2474 2
2475 1
2476 1
2477 1
2478 3
2479 2
2480 2
2481 2
2482 1
2483 2
2484 3
2485 2
2486 1
2487 1
2488 2
2489 1
2490 1
2491 1
2492 3
2493 1
2494 2
2495 2
2496 1
2497 1
2498 3
2499 2
2500 2
2501 1
2502 1
2503 1
2504 3
2505 1
2506 2
2507 2
2508 1
2509 1
2510 2
2511 1
2512 3
2513 2
2514 1
2515 1
2516 3
2517 1
2518 2
2519 1
2520 1
2521 1
2522 3
2523 2
2524 2
2525 2
2526 1
2527 1
2528 2
2529 3
2530 1
2531 1
2532 3
2533 1
2534 1
2535 2
2536 2
2537 1
2538 1
2539 1
2540 2
2541 1
2542 3
2543 1
2544 2
2545 2
2546 1
2547 1
2548 2
2549 3
2550 1
2551 1
2552 3
2553 1
2554 1
2555 2
2556 2
2557 1
2558 1
2559 3
2560 2
2561 2
2562 1
2563 1
2564 2
2565 2
2566 1
2567 1
2568 2
2569 1
2570 3
2571 3
2572 2
2573 2
2574 1
2575 1
2576 2
2577 1
2578 3
2579 2
2580 1
2581 1
2582 3
2583 2
2584 1
2585 3
2586 2
2587 2
2588 1
2589 1
2590 3
2591 3
2592 1
2593 1
2594 2
2595 1
2596 3
2597 2
2598 1
2599 2
2600 3
2601 1
2602 2
2603 3
2604 1
2605 1
2606 2
2607 1
2608 1
2609 1
2610 3
2611 1
2612 1
2613 2
2614 2
2615 2
2616 1
2617 1
2618 2
2619 1
2620 3
2621 2
2622 1
2623 1
2624 3
2625 3
2626 1
2627 1
2628 2
2629 1
2630 3
2631 2
2632 1
2633 1
2634 2
2635 3
2636 1
2637 2
2638 3
2639 2
2640 1
2641 1
2642 2
2643 3
2644 1
2645 1
2646 3
2647 1
2648 1
2649 2
2650 2
2651 2
2652 1
2653 1
2654 2
2655 1
2656 1
2657 1
2658 3
2659 1
2660 2
2661 2
2662 1
2663 1
2664 3
2665 1
2666 1
2667 1
2668 2
2669 3
2670 1
2671 1
2672 3
2673 3
2674 2
2675 2
2676 1
2677 1
2678 2
2679 1
2680 3
2681 2
2682 1
2683 1
2684 3
2685 2
2686 1
2687 2
2688 2
2689 3
2690 1
2691 1
2692 2
2693 1
2694 1
2695 1
2696 3
2697 1
2698 1
2699 2
2700 2
2701 2
2702 1
2703 1
2704 2
2705 1
2706 3
2707 2
2708 1
2709 1
2710 3
2711 2
2712 1
2713 3
2714 2
2715 2
2716 1
2717 1
2718 2
2719 3
2720 1
2721 2
2722 3
2723 2
2724 1
2725 1
2726 2
2727 3
2728 1
2729 1
2730 3
2731 2
2732 1
2733 3
2734 2
2735 2
2736 1
2737 1
2738 2
2739 3
2740 1
2741 1
2742 3
2743 1
2744 1
2745 2
2746 2
2747 2
2748 1
2749 1
2750 3
2751 1
2752 1
2753 1
2754 2
2755 3
2756 1
2757 1
2758 3
2759 3
2760 2
2761 2
2762 1
2763 1
2764 2
2765 1
2766 1
2767 1
2768 3
2769 1
2770 2
2771 2
2772 1
2773 1
2774 3
2775 1
2776 2
2777 1
2778 1
2779 1
2780 3
2781 2
2782 2
2783 2
2784 1
2785 2
2786 3
2787 2
2788 1
2789 1
2790 2
2791 1
2792 1
2793 1
2794 3
2795 1
2796 2
2797 2
2798 1
2799 2
2800 3
2801 2
2802 1
2803 1
2804 2
2805 3
2806 1
2807 1
2808 3
2809 1
2810 1
2811 2
2812 2
2813 1
2814 1
2815 3
2816 2
2817 2
2818 1
2819 1
2820 2
2821 3
2822 1
2823 1
2824 3
2825 2
2826 2
2827 1
2828 1
2829 1
2830 3
2831 1
2832 2
2833 2
2834 1
2835 1
2836 2
2837 1
2838 3
2839 2
2840 1
2841 1
2842 3
2843 2
2844 1
2845 3
2846 2
2847 1
2848 1
2849 1
2850 2
2851 1
2852 3
2853 3
2854 2
2855 2
2856 1
2857 2
2858 3
2859 1
2860 1
2861 3
2862 2
2863 2
2864 1
2865 1
2866 3
2867 2
2868 1
2869 2
2870 2
2871 2
2872 1
2873 3
2874 1
2875 1
2876 3
2877 1
2878 1
2879 2
2880 2
2881 2
2882 1
2883 1
2884 3
2885 1
2886 1
2887 1
2888 2
2889 3
2890 1
2891 1
2892 3
2893 3
2894 2
2895 1
2896 1
2897 1
2898 2
2899 1
2900 3
2901 1
2902 2
2903 2
2904 1
2905 1
2906 2
2907 3
2908 1
2909 1
2910 3
2911 1
2912 1
2913 1
2914 2
2915 3
2916 1
2917 1
2918 2
2919 1
2920 1
2921 1
2922 3
2923 3
2924 1
2925 1
2926 2
2927 1
2928 1
2929 1
2930 3
2931 1
2932 2
2933 2
2934 1
2935 1
2936 2
2937 1
2938 3
2939 2
2940 1
2941 1
2942 3
2943 1
2944 2
2945 1
2946 1
2947 1
2948 3
2949 2
2950 2
2951 2
2952 1
2953 1
2954 2
2955 3
2956 1
2957 1
2958 3
2959 1
2960 1
2961 2
2962 2
2963 1
2964 1
2965 1
2966 2
2967 1
2968 3
2969 1
2970 2
2971 2
2972 1
2973 1
2974 2
2975 3
2976 1
2977 1
2978 3
2979 1
2980 1
2981 2
2982 2
2983 2
2984 1
2985 1
2986 2
2987 1
2988 1
2989 1
2990 3
2991 3
2992 1
2993 1
2994 2
2995 1
2996 1
2997 1
2998 3
2999 1
3000 1
3001 2
3002 2
3003 2
3004 1
3005 1
3006 2
3007 1
3008 1
3009 1
3010 3
3011 1
3012 2
3013 2
3014 1
3015 1
3016 3
3017 1
3018 2
3019 1
3020 1
3021 1
3022 3
3023 2
3024 2
3025 2
3026 1
3027 1
3028 2
3029 1
3030 3
3031 2
3032 1
3033 1
3034 3
3035 2
3036 1
3037 3
3038 2
3039 2
3040 1
3041 2
3042 3
3043 2
3044 1
3045 1
3046 2
3047 1
3048 1
3049 1
3050 3
3051 1
3052 2
3053 1
3054 1
3055 1
3056 2
3057 1
3058 3
3059 3
3060 2
3061 2
3062 1
3063 1
3064 2
3065 3
3066 1
3067 1
3068 3
3069 1
3070 1
3071 2
3072 2
3073 2
3074 1
3075 1
3076 3
3077 1
3078 1
3079 1
3080 2
3081 3
3082 1
3083 1
3084 3
3085 3
3086 2
3087 1
3088 1
3089 1
3090 2
3091 1
3092 3
3093 2
3094 1
3095 3
3096 2
3097 1
3098 1
3099 2
3100 2
3101 1
3102 1
3103 1
3104 3
3105 1
3106 2
3107 2
3108 1
3109 1
3110 3
3111 1
3112 2
3113 1
3114 1
3115 1
3116 3
3117 2
3118 2
3119 2
3120 1
3121 1
3122 2
3123 1
3124 3
3125 2
3126 1
3127 1
3128 3
3129 2
3130 1
3131 3
3132 2
3133 2
3134 1
3135 2
3136 3
3137 2
3138 1
3139 1
3140 2
3141 1
3142 1
3143 1
3144 3
3145 1
3146 2
3147 1
3148 1
3149 1
3150 2
3151 1
3152 3
3153 3
3154 2
3155 2
3156 1
3157 1
3158 2
3159 1
3160 3
3161 2
3162 1
3163 1
3164 3
3165 2
3166 1
3167 3
3168 2
3169 2
3170 1
3171 1
3172 3
3173 3
3174 1
3175 1
3176 2
3177 1
3178 3
3179 2
3180 1
3181 2
3182 3
3183 1
3184 2
3185 3
3186 1
3187 1
3188 2
3189 1
3190 1
3191 1
3192 3
3193 1
3194 1
3195 2
3196 2
3197 2
3198 1
3199 1
3200 2
3201 1
3202 3
3203 2
3204 1
3205 1
3206 3
3207 3
3208 1
3209 1
3210 2
3211 1
3212 3
3213 2
3214 1
3215 1
3216 2
3217 2
3218 1
3219 1
3220 2
3221 1
3222 3
3223 3
3224 2
3225 2
3226 1
3227 1
3228 2
3229 3
3230 1
3231 1
3232 3
3233 1
3234 1
3235 2
3236 2
3237 2
3238 1
3239 1
3240 3
3241 1
3242 1
3243 1
3244 2
3245 3
3246 1
3247 1
3248 3
3249 3
3250 2
3251 1
3252 1
3253 1
3254 2
3255 1
3256 3
3257 1
3258 2
3259 2
3260 1
3261 1
3262 2
3263 3
3264 1
3265 1
3266 3
3267 1
3268 1
3269 2
3270 2
3271 2
3272 1
3273 1
3274 3
3275 2
3276 2
3277 3
3278 1
3279 1
3280 3
3281 1
3282 1
3283 2
3284 2
3285 2
3286 1
3287 1
3288 2
3289 1
3290 1
3291 1
3292 3
3293 1
3294 2
3295 2
3296 1
3297 1
3298 3
3299 1
3300 1
3301 1
3302 2
3303 3
3304 1
3305 1
3306 3
3307 3
3308 2
3309 2
3310 1
3311 1
3312 2
3313 1
3314 3
3315 2
3316 1
3317 1
3318 3
3319 2
3320 1
3321 2
3322 2
3323 3
3324 1
3325 1
3326 2
3327 1
3328 1
3329 1
3330 3
3331 1
3332 1
3333 2
3334 2
3335 2
3336 1
3337 1
3338 2
3339 1
3340 3
3341 2
3342 1
3343 1
3344 3
3345 2
3346 1
3347 2
3348 2
3349 2
3350 1
3351 1
3352 3
3353 2
3354 2
3355 2
3356 1
3357 2
3358 2
3359 2
3360 1
3361 1
3362 2
3363 1
3364 1
3365 2
3366 3
3367 2
3368 2
3369 2
3370 1
3371 1
3372 2
3373 1
3374 1
3375 1
3376 3
3377 1
3378 2
3379 2
3380 1
3381 1
3382 3
3383 1
3384 2
3385 1
3386 1
3387 1
3388 3
3389 2
3390 2
3391 2
3392 1
3393 2
3394 3
3395 2
3396 1
3397 1
3398 2
3399 1
3400 1
3401 1
3402 3
3403 1
3404 2
3405 1
3406 1
3407 1
3408 2
3409 1
3410 3
3411 1
3412 1
3413 1
3414 2
3415 1
3416 3
3417 2
3418 1
3419 1
3420 2
3421 3
3422 1
3423 1
3424 3
3425 2
3426 1
3427 3
3428 2
3429 2
3430 1
3431 1
3432 2
3433 1
3434 1
3435 1
3436 3
3437 1
3438 2
3439 2
3440 1
3441 2
3442 3
3443 2
3444 1
3445 1
3446 2
3447 1
3448 1
3449 1
3450 3
3451 1
3452 2
3453 2
3454 1
3455 1
3456 2
3457 1
3458 3
3459 1
3460 1
3461 1
3462 2
3463 1
3464 3
3465 1
3466 2
3467 2
3468 1
3469 1
3470 2
3471 1
3472 3
3473 2
3474 1
3475 1
3476 3
3477 2
3478 1
3479 3
3480 2
3481 2
3482 1
3483 1
3484 2
3485 3
3486 1
3487 1
3488 3
3489 1
3490 1
3491 2
3492 2
3493 2
3494 1
3495 1
3496 3
3497 3
3498 1
3499 1
3500 2
3501 1
3502 3
3503 2
3504 1
3505 2
3506 3
3507 2
3508 2
3509 2
3510 1
3511 1
3512 2
3513 1
3514 1
3515 1
3516 3
3517 1
3518 2
3519 2
3520 1
3521 1
3522 3
3523 1
3524 2
3525 1
3526 1
3527 2
3528 2
3529 1
3530 3
3531 2
3532 1
3533 1
3534 2
3535 3
3536 1
3537 1
3538 3
3539 2
3540 1
3541 3
3542 2
3543 2
3544 1
3545 1
3546 2
3547 1
3548 1
3549 1
3550 3
3551 1
3552 2
3553 2
3554 1
3555 1
3556 3
3557 1
3558 2
3559 1
3560 1
3561 1
3562 3
3563 2
3564 2
3565 2
3566 1
3567 1
3568 2
3569 1
3570 3
3571 1
3572 1
3573 1
3574 2
3575 1
3576 3
3577 1
3578 2
3579 2
3580 1
3581 1
3582 2
3583 1
3584 3
3585 2
3586 1
3587 1
3588 3
3589 1
3590 2
3591 1
3592 1
3593 1
3594 3
3595 2
3596 2
3597 2
3598 1
3599 1
3600 2
3601 1
3602 3
3603 2
3604 1
3605 1
3606 3
3607 2
3608 1
3609 3
3610 2
3611 2
3612 1
3613 1
3614 3
3615 3
3616 1
3617 1
3618 2
3619 1
3620 3
3621 2
3622 1
3623 2
3624 3
3625 2
3626 2
3627 2
3628 1
3629 1
3630 2
3631 3
3632 1
3633 1
3634 3
3635 1
3636 1
3637 2
3638 2
3639 2
3640 1
3641 1
3642 3
3643 1
3644 1
3645 1
3646 2
3647 3
3648 1
3649 1
3650 3
3651 3
3652 2
3653 1
3654 1
3655 1
3656 2
3657 1
3658 3
3659 1
3660 2
3661 2
3662 1
3663 1
3664 2
3665 3
3666 1
3667 1
3668 3
3669 1
3670 1
3671 2
3672 2
3673 1
3674 1
3675 1
3676 2
3677 1
3678 3
3679 1
3680 2
3681 2
3682 1
3683 1
3684 2
3685 1
3686 3
3687 2
3688 1
3689 1
3690 3
3691 2
3692 1
3693 2
3694 2
3695 2
3696 1
3697 1
3698 3
3699 2
3700 2
3701 2
3702 1
3703 1
3704 2
3705 1
3706 3
3707 2
3708 1
3709 1
3710 3
3711 2
3712 2
3713 3
3714 1
3715 1
3716 3
3717 1
3718 1
3719 2
3720 2
3721 2
3722 1
3723 1
3724 2
3725 1
3726 1
3727 1
3728 3
3729 1
3730 2
3731 2
3732 1
3733 1
3734 3
3735 1
3736 2
3737 1
3738 1
3739 1
3740 3
3741 1
3742 2
3743 3
3744 1
3745 1
3746 2
3747 1
3748 1
3749 2
3750 3
3751 2
3752 2
3753 1
3754 1
3755 1
3756 2
3757 1
3758 3
3759 2
3760 1
3761 1
3762 3
3763 2
3764 2
3765 2
3766 1
3767 1
3768 3
3769 1
3770 2
3771 1
3772 1
3773 3
3774 2
3775 1
3776 1
3777 1
3778 3
3779 2
3780 1
3781 1
3782 3
3783 2
3784 1
3785 3
3786 2
3787 2
3788 1
3789 1
3790 3
3791 3
3792 1
3793 1
3794 2
3795 1
3796 3
3797 2
3798 1
3799 2
3800 3
3801 1
3802 2
3803 3
3804 1
3805 1
3806 2
3807 1
3808 1
3809 1
3810 3
3811 1
3812 1
3813 2
3814 2
3815 2
3816 1
3817 1
3818 2
3819 1
3820 3
3821 2
3822 1
3823 1
3824 3
3825 3
3826 1
3827 1
3828 2
3829 1
3830 3
3831 2
3832 1
3833 1
3834 2
3835 3
3836 1
3837 2
3838 3
3839 2
3840 1
3841 1
3842 2
3843 3
3844 1
3845 1
3846 3
3847 1
3848 1
3849 2
3850 2
3851 2
3852 1
3853 1
3854 2
3855 1
3856 1
3857 1
3858 3
3859 1
3860 2
3861 2
3862 1
3863 1
3864 3
3865 1
3866 1
3867 1
3868 2
3869 3
3870 1
3871 1
3872 3
3873 3
3874 2
3875 2
3876 1
3877 1
3878 2
3879 1
3880 3
3881 2
3882 1
3883 1
3884 3
3885 2
3886 1
3887 2
3888 2
3889 3
3890 1
3891 1
3892 2
3893 1
3894 1
3895 1
3896 3
3897 1
3898 1
3899 2
3900 2
3901 2
3902 1
3903 1
3904 2
3905 1
3906 3
3907 2
3908 1
3909 1
3910 3
3911 2
3912 1
3913 3
3914 2
3915 2
3916 1
3917 1
3918 2
3919 3
3920 1
3921 2
3922 3
3923 2
3924 1
3925 1
3926 2
3927 3
3928 1
3929 1
3930 3
3931 2
3932 1
3933 3
3934 2
3935 2
3936 1
3937 1
3938 2
3939 3
3940 1
3941 1
3942 3
3943 1
3944 1
3945 2
3946 2
3947 2
3948 1
3949 1
3950 3
3951 1
3952 1
3953 1
3954 2
3955 3
3956 1
3957 1
3958 3
3959 3
3960 2
3961 2
3962 1
3963 1
3964 2
3965 1
3966 1
3967 1
3968 3
3969 1
3970 2
3971 2
3972 1
3973 1
3974 3
3975 1
3976 2
3977 1
3978 1
3979 1
3980 3
3981 2
3982 2
3983 1
3984 1
3985 1
3986 2
3987 1
3988 3
3989 1
3990 2
3991 2
3992 1
3993 1
3994 2
3995 3
3996 1
3997 1
3998 3
3999 1
4000 1
4001 1
4002 2
4003 3
4004 1
4005 1
4006 2
4007 1
4008 1
4009 2
4010 3
4011 2
4012 2
4013 2
4014 1
4015 1
4016 2
4017 1
4018 3
4019 2
4020 1
4021 1
4022 3
4023 2
4024 1
4025 3
4026 2
4027 2
4028 1
4029 1
4030 3
4031 3
4032 1
4033 1
4034 2
4035 1
4036 3
4037 2
4038 1
4039 2
4040 3
4041 1
4042 2
4043 3
4044 1
4045 1
4046 2
4047 1
4048 1
4049 1
4050 3
4051 1
4052 2
4053 1
4054 1
4055 1
4056 3
4057 1
4058 2
4059 2
4060 1
4061 2
4062 2
4063 3
4064 1
4065 1
4066 3
4067 1
4068 1
4069 2
4070 2
4071 2
4072 1
4073 1
4074 3
4075 1
4076 1
4077 1
4078 2
4079 3
4080 1
4081 1
4082 3
4083 3
4084 2
4085 2
4086 1
4087 1
4088 2
4089 1
4090 1
4091 1
4092 3
4093 1
4094 2
4095 2
4096 1
4097 1
4098 3
4099 1
4100 2
4101 1
4102 1
4103 1
4104 3
4105 2
4106 2
4107 1
4108 1
4109 1
4110 2
4111 1
4112 3
4113 1
4114 2
4115 2
4116 1
4117 1
4118 2
4119 3
4120 1
4121 1
4122 3
4123 1
4124 1
4125 1
4126 2
4127 3
4128 1
4129 1
4130 2
4131 1
4132 1
4133 2
4134 3
4135 2
4136 2
4137 2
4138 1
4139 1
4140 2
4141 1
4142 1
4143 1
4144 3
4145 1
4146 2
4147 2
4148 1
4149 1
4150 3
4151 1
4152 2
4153 1
4154 1
4155 1
4156 3
4157 2
4158 2
4159 2
4160 1
4161 2
4162 3
4163 2
4164 1
4165 1
4166 2
4167 1
4168 1
4169 1
4170 3
4171 1
4172 2
4173 1
4174 1
4175 1
4176 2
4177 1
4178 3
4179 1
4180 1
4181 1
4182 2
4183 1
4184 3
4185 2
4186 1
4187 1
4188 2
4189 3
4190 1
4191 1
4192 3
4193 2
4194 1
4195 3
4196 2
4197 2
4198 1
4199 1
4200 2
4201 1
4202 1
4203 1
4204 3
4205 1
4206 2
4207 2
4208 1
4209 2
4210 3
4211 2
4212 1
4213 1
4214 2
4215 1
4216 1
4217 1
4218 3
4219 1
4220 2
4221 2
4222 1
4223 2
4224 2
4225 2
4226 1
4227 1
4228 2
4229 1
4230 1
4231 2
4232 3
4233 2
4234 2
4235 2
4236 1
4237 1
4238 2
4239 1
4240 3
4241 2
4242 1
4243 1
4244 3
4245 2
4246 1
4247 3
4248 2
4249 2
4250 1
4251 1
4252 3
4253 3
4254 1
4255 1
4256 2
4257 1
4258 3
4259 2
4260 1
4261 2
4262 3
4263 1
4264 2
4265 3
4266 1
4267 1
4268 2
4269 1
4270 1
4271 1
4272 3
4273 1
4274 1
4275 2
4276 2
4277 2
4278 1
4279 1
4280 2
4281 1
4282 3
4283 2
4284 1
4285 1
4286 3
4287 2
4288 1
4289 3
4290 2
4291 2
4292 1
4293 1
4294 3
4295 2
4296 2
4297 1
4298 3
4299 2
4300 1
4301 1
4302 3
4303 2
4304 1
4305 3
4306 2
4307 2
4308 1
4309 1
4310 2
4311 3
4312 1
4313 1
4314 3
4315 1
4316 1
4317 2
4318 2
4319 2
4320 1
4321 1
4322 3
4323 3
4324 1
4325 1
4326 2
4327 1
4328 3
4329 2
4330 1
4331 2
4332 3
4333 2
4334 2
4335 2
4336 1
4337 1
4338 2
4339 1
4340 1
4341 1
4342 3
4343 1
4344 2
4345 2
4346 1
4347 1
4348 3
4349 1
4350 2
4351 1
4352 1
4353 2
4354 2
4355 1
4356 3
4357 2
4358 1
4359 1
4360 2
4361 3
4362 1
4363 1
4364 3
4365 2
4366 1
4367 3
4368 2
4369 2
4370 1
4371 1
4372 2
4373 1
4374 1
4375 1
4376 3
4377 1
4378 2
4379 2
4380 1
4381 1
4382 3
4383 1
4384 2
4385 1
4386 1
4387 3
4388 2
4389 2
4390 1
4391 1
4392 3
4393 3
4394 2
4395 1
4396 1
4397 3
4398 2
4399 2
4400 1
4401 1
4402 2
4403 2
4404 1
4405 1
4406 2
4407 1
4408 3
4409 3
4410 2
4411 2
4412 1
4413 1
4414 2
4415 3
4416 1
4417 1
4418 3
4419 1
4420 1
4421 2
4422 2
4423 2
4424 1
4425 1
4426 3
4427 1
4428 1
4429 1
4430 2
4431 3
4432 1
4433 1
4434 3
4435 3
4436 2
4437 1
4438 1
4439 1
4440 2
4441 1
4442 3
4443 1
4444 2
4445 2
4446 1
4447 1
4448 2
4449 3
4450 1
4451 1
4452 3
4453 1
4454 1
4455 1
4456 2
4457 3
4458 1
4459 1
4460 2
4461 1
4462 1
4463 1
4464 3
4465 3
4466 1
4467 1
4468 2
4469 1
4470 1
4471 1
4472 3
4473 1
4474 2
4475 2
4476 1
4477 1
4478 2
4479 1
4480 3
4481 2
4482 1
4483 1
4484 3
4485 1
4486 2
4487 1
4488 1
4489 1
4490 3
4491 2
4492 2
4493 2
4494 1
4495 1
4496 2
4497 3
4498 1
4499 1
4500 3
4501 1
4502 1
4503 2
4504 2
4505 1
4506 1
4507 1
4508 2
4509 1
4510 3
4511 1
4512 2
4513 2
4514 1
4515 1
4516 2
4517 3
4518 1
4519 1
4520 3
4521 1
4522 1
4523 2
4524 2
4525 2
4526 1
4527 1
4528 2
4529 1
4530 1
4531 1
4532 3
4533 3
4534 1
4535 1
4536 2
4537 1
4538 1
4539 1
4540 3
4541 1
4542 1
4543 2
4544 2
4545 2
4546 1
4547 1
4548 2
4549 1
4550 1
4551 1
4552 3
4553 1
4554 2
4555 2
4556 1
4557 1
4558 3
4559 1
4560 2
4561 1
4562 1
4563 1
4564 3
4565 2
4566 2
4567 2
4568 1
4569 1
4570 2
4571 1
4572 3
4573 2
4574 1
4575 1
4576 3
4577 2
4578 1
4579 3
4580 2
4581 2
4582 1
4583 2
4584 3
4585 2
4586 1
4587 1
4588 2
4589 1
4590 1
4591 1
4592 3
4593 1
4594 2
4595 1
4596 1
4597 1
4598 2
4599 1
4600 3
4601 3
4602 2
4603 2
4604 1
4605 1
4606 2
4607 3
4608 1
4609 1
4610 3
4611 1
4612 1
4613 2
4614 2
4615 2
4616 1
4617 1
4618 3
4619 1
4620 1
4621 1
4622 2
4623 2
4624 1
4625 2
4626 2
4627 1
4628 1
4629 1
4630 3
4631 1
4632 2
4633 2
4634 1
4635 1
4636 2
4637 1
4638 3
4639 2
4640 1
4641 1
4642 3
4643 1
4644 2
4645 1
4646 1
4647 1
4648 3
4649 2
4650 2
4651 2
4652 1
4653 1
4654 2
4655 3
4656 1
4657 1
4658 3
4659 1
4660 1
4661 2
4662 2
4663 2
4664 1
4665 1
4666 3
4667 1
4668 1
4669 1
4670 2
4671 3
4672 1
4673 1
4674 3
4675 3
4676 2
4677 2
4678 1
4679 1
4680 2
4681 1
4682 1
4683 1
4684 3
4685 3
4686 1
4687 1
4688 2
4689 1
4690 1
4691 1
4692 3
4693 1
4694 1
4695 2
4696 2
4697 2
4698 1
4699 1
4700 2
4701 1
4702 1
4703 1
4704 3
4705 1
4706 2
4707 2
4708 1
4709 1
4710 3
4711 1
4712 1
4713 1
4714 2
4715 3
4716 1
4717 1
4718 3
4719 3
4720 2
4721 2
4722 1
4723 1
4724 2
4725 1
4726 1
4727 1
4728 3
4729 1
4730 2
4731 2
4732 1
4733 1
4734 3
4735 1
4736 2
4737 1
4738 1
4739 1
4740 3
4741 2
4742 2
4743 2
4744 1
4745 2
4746 3
4747 2
4748 1
4749 1
4750 2
4751 1
4752 1
4753 1
4754 3
4755 1
4756 2
4757 1
4758 1
4759 1
4760 2
4761 1
4762 3
4763 3
4764 2
4765 2
4766 1
4767 1
4768 2
4769 1
4770 3
4771 2
4772 1
4773 1
4774 3
4775 2
4776 1
4777 3
4778 2
4779 2
4780 1
4781 1
4782 3
4783 3
4784 1
4785 1
4786 2
4787 1
4788 3
4789 2
4790 1
4791 2
4792 3
4793 1
4794 2
4795 3
4796 1
4797 1
4798 2
4799 1
4800 1
4801 1
4802 3
4803 1
4804 1
4805 2
4806 2
4807 2
4808 1
4809 1
4810 2
4811 1
4812 3
4813 2
4814 1
4815 1
4816 3
4817 2
4818 1
4819 2
4820 2
4821 3
4822 1
4823 1
4824 2
4825 1
4826 1
4827 1
4828 3
4829 1
4830 1
4831 2
4832 2
4833 2
4834 1
4835 1
4836 2
4837 1
4838 1
4839 1
4840 3
4841 1
4842 2
4843 2
4844 1
4845 1
4846 3
4847 1
4848 2
4849 1
4850 1
4851 3
4852 2
4853 2
4854 1
4855 1
4856 3
4857 3
4858 2
4859 2
4860 1
4861 1
4862 2
4863 1
4864 1
4865 1
4866 3
4867 1
4868 2
4869 2
4870 1
4871 1
4872 3
4873 2
4874 2
4875 1
4876 3
4877 2
4878 1
4879 1
4880 3
4881 2
4882 1
4883 3
4884 2
4885 2
4886 1
4887 1
4888 2
4889 3
4890 1
4891 1
4892 3
4893 1
4894 1
4895 2
4896 2
4897 2
4898 1
4899 1
4900 3
4901 1
4902 1
4903 1
4904 2
4905 3
4906 1
4907 1
4908 3
4909 1
4910 1
4911 1
4912 2
4913 1
4914 3
4915 2
4916 1
4917 1
4918 2
4919 2
4920 1
4921 1
4922 2
4923 1
4924 3
4925 2
4926 2
4927 3
4928 1
4929 1
4930 2
4931 1
4932 1
4933 1
4934 3
4935 1
4936 2
4937 2
4938 1
4939 1
4940 3
4941 3
4942 2
4943 2
4944 1
4945 1
4946 3
4947 1
4948 1
4949 1
4950 2
4951 2
4952 1
4953 1
4954 3
4955 1
4956 2
4957 2
4958 1
4959 1
4960 1
4961 1
4962 3
4963 1
4964 2
4965 2
4966 1
4967 1
4968 3
4969 1
4970 2
4971 1
4972 1
4973 1
4974 3
4975 2
4976 2
4977 2
4978 1
4979 2
4980 3
4981 2
4982 1
4983 1
4984 2
4985 1
4986 1
4987 1
4988 3
4989 1
4990 2
4991 1
4992 1
4993 1
4994 2
4995 1
4996 3
4997 1
4998 1
4999 1
5000 2
5001 1
5002 3
5003 2
5004 1
5005 1
5006 2
5007 3
5008 1
5009 1
5010 3
5011 2
5012 1
5013 3
5014 2
5015 2
5016 1
5017 1
5018 2
5019 1
5020 1
5021 1
5022 3
5023 1
5024 2
5025 2
5026 1
5027 2
5028 3
5029 2
5030 1
5031 1
5032 2
5033 1
5034 1
5035 1
5036 3
5037 1
5038 2
5039 2
5040 1
5041 1
5042 2
5043 1
5044 3
5045 1
5046 1
5047 1
5048 2
5049 1
5050 3
5051 1
5052 2
5053 2
5054 1
5055 1
5056 2
5057 1
5058 3
5059 2
5060 1
5061 1
5062 3
5063 2
5064 1
5065 3
5066 2
5067 2
5068 1
5069 1
5070 2
5071 3
5072 1
5073 1
5074 3
5075 1
5076 1
5077 2
5078 2
5079 2
5080 1
5081 1
5082 3
5083 3
5084 1
5085 1
5086 2
5087 1
5088 3
5089 2
5090 1
5091 2
5092 3
5093 2
5094 2
5095 2
5096 1
5097 1
5098 2
5099 1
5100 1
5101 1
5102 3
5103 1
5104 2
5105 2
5106 1
5107 1
5108 3
5109 1
5110 2
5111 1
5112 1
5113 2
5114 2
5115 1
5116 3
5117 2
5118 1
5119 1
5120 2
5121 3
5122 1
5123 1
5124 3
5125 2
5126 1
5127 3
5128 2
5129 2
5130 1
5131 1
5132 2
5133 1
5134 1
5135 1
5136 3
5137 1
5138 2
5139 2
5140 1
5141 1
5142 3
5143 1
5144 2
5145 1
5146 1
5147 1
5148 3
5149 2
5150 2
5151 2
5152 1
5153 1
5154 2
5155 1
5156 3
5157 1
5158 1
5159 1
5160 2
5161 1
5162 3
5163 1
5164 2
5165 2
5166 1
5167 1
5168 2
5169 1
5170 3
5171 2
5172 1
5173 1
5174 3
5175 1
5176 2
5177 1
5178 1
5179 1
5180 3
5181 2
5182 2
5183 2
5184 1
5185 1
5186 2
5187 1
5188 3
5189 2
5190 1
5191 1
5192 3
5193 2
5194 1
5195 3
5196 2
5197 2
5198 1
5199 1
5200 3
5201 3
5202 1
5203 1
5204 2
5205 1
5206 3
5207 2
5208 1
5209 2
5210 3
5211 2
5212 2
5213 2
5214 1
5215 1
5216 2
5217 3
5218 1
5219 1
5220 3
5221 1
5222 1
5223 2
5224 2
5225 2
5226 1
5227 1
5228 3
5229 1
5230 1
5231 1
5232 2
5233 3
5234 1
5235 1
5236 3
5237 2
5238 2
5239 3
5240 1
5241 1
5242 2
5243 1
5244 1
5245 1
5246 3
5247 1
5248 1
5249 2
5250 2
5251 2
5252 1
5253 1
5254 2
5255 1
5256 3
5257 2
5258 1
5259 1
5260 3
5261 3
5262 1
5263 1
5264 2
5265 1
5266 3
5267 2
5268 1
5269 1
5270 2
5271 2
5272 1
5273 1
5274 2
5275 1
5276 3
5277 3
5278 2
5279 2
5280 1
5281 1
5282 2
5283 1
5284 1
5285 1
5286 3
5287 1
5288 2
5289 2
5290 1
5291 1
5292 3
5293 1
5294 2
5295 1
5296 1
5297 1
5298 3
5299 2
5300 2
5301 2
5302 1
5303 2
5304 3
5305 2
5306 1
5307 1
5308 2
5309 1
5310 1
5311 1
5312 3
5313 1
5314 2
5315 1
5316 1
5317 1
5318 2
5319 1
5320 3
5321 1
5322 1
5323 1
5324 2
5325 1
5326 3
5327 2
5328 1
5329 1
5330 2
5331 3
5332 1
5333 1
5334 3
5335 1
5336 1
5337 1
5338 2
5339 3
5340 1
5341 1
5342 3
5343 1
5344 1
5345 2
5346 2
5347 1
5348 1
5349 2
5350 2
5351 1
5352 3
5353 2
5354 1
5355 1
5356 3
5357 2
5358 1
5359 3
5360 2
5361 2
5362 1
5363 1
5364 3
5365 3
5366 1
5367 1
5368 2
5369 1
5370 3
5371 2
5372 1
5373 2
5374 3
5375 2
5376 2
5377 2
5378 1
5379 1
5380 2
5381 3
5382 1
5383 1
5384 3
5385 1
5386 1
5387 2
5388 2
5389 2
5390 1
5391 1
5392 3
5393 1
5394 1
5395 1
5396 2
5397 3
5398 1
5399 1
5400 3
5401 2
5402 2
5403 3
5404 1
5405 1
5406 2
5407 1
5408 1
5409 1
5410 3
5411 1
5412 1
5413 2
5414 2
5415 2
5416 1
5417 1
5418 2
5419 1
5420 3
5421 2
5422 1
5423 1
5424 3
5425 3
5426 1
5427 1
5428 2
5429 1
5430 3
5431 2
5432 1
5433 1
5434 2
5435 2
5436 1
5437 1
5438 2
5439 1
5440 3
5441 3
5442 2
5443 2
5444 1
5445 1
5446 2
5447 3
5448 1
5449 1
5450 3
5451 1
5452 1
5453 2
5454 2
5455 2
5456 1
5457 1
5458 3
5459 1
5460 1
5461 1
5462 2
5463 3
5464 1
5465 1
5466 3
5467 3
5468 2
5469 1
5470 1
5471 1
5472 2
5473 1
5474 3
5475 1
5476 2
5477 2
5478 1
5479 1
5480 2
5481 3
5482 1
5483 1
5484 3
5485 1
5486 1
5487 1
5488 2
5489 3
5490 1
5491 1
5492 2
5493 1
5494 1
5495 1
5496 3
5497 3
5498 1
5499 1
5500 2
5501 1
5502 1
5503 1
5504 3
5505 1
5506 2
5507 2
5508 1
5509 1
5510 2
5511 1
5512 3
5513 2
5514 1
5515 1
5516 3
5517 1
5518 2
5519 1
5520 1
5521 1
5522 3
5523 2
5524 2
5525 2
5526 1
5527 1
5528 2
5529 3
5530 1
5531 1
5532 3
5533 1
5534 1
5535 2
5536 2
5537 1
5538 1
5539 1
5540 2
5541 1
5542 3
5543 1
5544 2
5545 2
5546 1
5547 1
5548 2
5549 3
5550 1
5551 1
5552 3
5553 1
5554 1
5555 2
5556 2
5557 1
5558 1
5559 3
5560 2
5561 2
5562 1
5563 1
5564 2
5565 2
5566 1
5567 1
5568 2
5569 1
5570 3
5571 3
5572 2
5573 2
5574 1
5575 1
5576 2
5577 1
5578 1
5579 1
5580 3
5581 1
5582 2
5583 2
5584 1
5585 1
5586 3
5587 1
5588 2
5589 1
5590 1
5591 1
5592 3
5593 2
5594 2
5595 2
5596 1
5597 2
5598 3
5599 2
5600 1
5601 1
5602 2
5603 1
5604 1
5605 1
5606 3
5607 1
5608 2
5609 1
5610 1
5611 1
5612 2
5613 1
5614 3
5615 1
5616 1
5617 1
5618 2
5619 1
5620 3
5621 2
5622 1
5623 1
5624 2
5625 3
5626 1
5627 1
5628 3
5629 2
5630 1
5631 3
5632 2
5633 2
5634 1
5635 1
5636 2
5637 1
5638 1
5639 1
5640 3
5641 1
5642 2
5643 2
5644 1
5645 1
5646 3
5647 1
5648 2
5649 1
5650 1
5651 1
5652 3
5653 2
5654 2
5655 2
5656 1
5657 1
5658 3
5659 2
5660 2
5661 1
5662 1
5663 1
5664 3
5665 1
5666 2
5667 2
5668 1
5669 1
5670 3
5671 1
5672 2
5673 1
5674 1
5675 1
5676 3
5677 2
5678 2
5679 2
5680 1
5681 1
5682 2
5683 1
5684 3
5685 2
5686 1
5687 1
5688 3
5689 2
5690 1
5691 3
5692 2
5693 2
5694 1
5695 2
5696 3
5697 2
5698 1
5699 1
5700 2
5701 1
5702 1
5703 1
5704 3
5705 1
5706 2
5707 1
5708 1
5709 1
5710 2
5711 1
5712 3
5713 3
5714 2
5715 2
5716 1
5717 1
5718 2
5719 3
5720 1
5721 1
5722 3
5723 1
5724 1
5725 2
5726 2
5727 2
5728 1
5729 1
5730 3
5731 1
5732 1
5733 1
5734 2
5735 2
5736 1
5737 2
5738 2
5739 1
5740 1
5741 1
5742 3
5743 1
5744 2
5745 2
5746 1
5747 1
5748 2
5749 1
5750 3
5751 2
5752 1
5753 1
5754 3
5755 1
5756 2
5757 1
5758 1
5759 1
5760 3
5761 2
5762 2
5763 2
5764 1
5765 1
5766 2
5767 3
5768 1
5769 1
5770 3
5771 1
5772 1
5773 2
5774 2
5775 2
5776 1
5777 1
5778 3
5779 1
5780 1
5781 1
5782 2
5783 2
5784 1
5785 1
5786 3
5787 2
5788 2
5789 2
5790 1
5791 2
5792 3
5793 1
5794 2
5795 2
5796 1
5797 1
5798 3
5799 2
5800 2
5801 2
5802 1
5803 2
5804 2
5805 2
5806 1
5807 1
5808 2
5809 1
5810 1
5811 2
5812 3
5813 2
5814 2
5815 2
5816 1
5817 1
5818 2
5819 1
5820 3
5821 2
5822 1
5823 1
5824 3
5825 2
5826 1
5827 3
5828 2
5829 2
5830 1
5831 1
5832 3
5833 3
5834 1
5835 1
5836 2
5837 1
5838 3
5839 2
5840 1
5841 2
5842 3
5843 1
5844 2
5845 3
5846 1
5847 1
5848 2
5849 1
5850 1
5851 1
5852 3
5853 1
5854 1
5855 2
5856 2
5857 2
5858 1
5859 1
5860 2
5861 1
5862 3
5863 2
5864 1
5865 1
5866 3
5867 3
5868 1
5869 1
5870 2
5871 1
5872 3
5873 2
5874 1
5875 1
5876 2
5877 3
5878 1
5879 2
5880 3
5881 2
5882 1
5883 1
5884 2
5885 3
5886 1
5887 1
5888 3
5889 1
5890 1
5891 2
5892 2
5893 2
5894 1
5895 1
5896 2
5897 1
5898 1
5899 1
5900 3
5901 1
5902 2
5903 2
5904 1
5905 1
5906 3
5907 1
5908 1
5909 1
5910 2
5911 3
5912 1
5913 1
5914 3
5915 3
5916 2
5917 2
5918 1
5919 1
5920 2
5921 1
5922 3
5923 2
5924 1
5925 1
5926 3
5927 2
5928 1
5929 2
5930 2
5931 3
5932 1
5933 1
5934 2
5935 1
5936 1
5937 1
5938 3
5939 1
5940 1
5941 2
5942 2
5943 2
5944 1
5945 1
5946 2
5947 1
5948 3
5949 2
5950 1
5951 1
5952 3
5953 2
5954 1
5955 3
5956 2
5957 2
5958 1
5959 1
5960 2
5961 3
5962 1
5963 2
5964 3
5965 2
5966 1
5967 1
5968 2
5969 3
5970 1
5971 1
5972 3
5973 2
5974 1
5975 3
5976 2
5977 2
5978 1
5979 1
5980 2
5981 3
5982 1
5983 1
5984 3
5985 1
5986 1
5987 2
5988 2
5989 2
5990 1
5991 1
5992 3
5993 1
5994 1
5995 1
5996 2
5997 3
5998 1
5999 1
6000 3
6001 3
6002 2
6003 2
6004 1
6005 1
6006 2
6007 1
6008 1
6009 1
6010 3
6011 1
6012 2
6013 2
6014 1
6015 1
6016 3
6017 1
6018 2
6019 1
6020 1
6021 1
6022 3
6023 2
6024 2
6025 1
6026 1
6027 1
6028 2
6029 1
6030 3
6031 1
6032 2
6033 2
6034 1
6035 1
6036 2
6037 3
6038 1
6039 1
6040 3
6041 1
6042 1
6043 1
6044 2
6045 3
6046 1
6047 1
6048 2
6049 1
6050 1
6051 2
6052 3
6053 2
6054 2
6055 2
6056 1
6057 1
6058 2
6059 1
6060 3
6061 2
6062 1
6063 1
6064 3
6065 2
6066 1
6067 3
6068 2
6069 2
6070 1
6071 1
6072 3
6073 3
6074 1
6075 2
6076 2
6077 1
6078 1
6079 2
6080 2
6081 3
6082 1
6083 1
6084 3
6085 1
6086 1
6087 2
6088 2
6089 2
6090 1
6091 1
6092 2
6093 1
6094 1
6095 1
6096 3
6097 1
6098 2
6099 2
6100 1
6101 1
6102 3
6103 1
6104 1
6105 1
6106 2
6107 3
6108 1
6109 1
6110 3
6111 3
6112 2
6113 2
6114 1
6115 1
6116 2
6117 1
6118 3
6119 2
6120 1
6121 1
6122 3
6123 2
6124 1
6125 3
6126 2
6127 2
6128 1
6129 1
6130 3
6131 3
6132 1
6133 1
6134 2
6135 1
6136 3
6137 2
6138 1
6139 2
6140 3
6141 2
6142 2
6143 2
6144 1
6145 1
6146 2
6147 3
6148 1
6149 2
6150 3
6151 2
6152 1
6153 1
6154 2
6155 3
6156 1
6157 1
6158 3
6159 2
6160 1
6161 3
6162 2
6163 2
6164 1
6165 1
6166 2
6167 3
6168 1
6169 1
6170 3
6171 1
6172 1
6173 2
6174 2
6175 2
6176 1
6177 1
6178 3
6179 3
6180 1
6181 1
6182 2
6183 1
6184 3
6185 2
6186 1
6187 2
6188 3
6189 2
6190 2
6191 2
6192 1
6193 1
6194 2
6195 3
6196 1
6197 1
6198 3
6199 1
6200 1
6201 2
6202 2
6203 2
6204 1
6205 1
6206 3
6207 1
6208 1
6209 1
6210 2
6211 3
6212 1
6213 1
6214 3
6215 3
6216 2
6217 1
6218 1
6219 1
6220 2
6221 1
6222 3
6223 1
6224 2
6225 2
6226 1
6227 1
6228 2
6229 3
6230 1
6231 1
6232 3
6233 1
6234 1
6235 1
6236 2
6237 3
6238 1
6239 1
6240 2
6241 1
6242 1
6243 2
6244 3
6245 2
6246 2
6247 2
6248 1
6249 1
6250 2
6251 1
6252 1
6253 1
6254 3
6255 1
6256 2
6257 2
6258 1
6259 1
6260 3
6261 1
6262 2
6263 1
6264 1
6265 1
6266 3
6267 2
6268 2
6269 2
6270 1
6271 2
6272 3
6273 2
6274 1
6275 1
6276 2
6277 1
6278 1
6279 1
6280 3
6281 1
6282 2
6283 1
6284 1
6285 1
6286 2
6287 1
6288 3
6289 1
6290 1
6291 1
6292 2
6293 1
6294 3
6295 2
6296 1
6297 1
6298 2
6299 3
6300 1
6301 1
6302 3
6303 2
6304 1
6305 3
6306 2
6307 2
6308 1
6309 1
6310 2
6311 1
6312 1
6313 1
6314 3
6315 1
6316 2
6317 2
6318 1
6319 1
6320 3
6321 1
6322 2
6323 1
6324 1
6325 2
6326 2
6327 1
6328 3
6329 2
6330 1
6331 1
6332 2
6333 3
6334 1
6335 1
6336 3
6337 2
6338 1
6339 3
6340 2
6341 2
6342 1
6343 1
6344 2
6345 3
6346 1
6347 1
6348 3
6349 1
6350 1
6351 2
6352 2
6353 2
6354 1
6355 1
6356 3
6357 1
6358 1
6359 1
6360 2
6361 2
6362 1
6363 1
6364 3
6365 2
6366 2
6367 2
6368 1
6369 2
6370 3
6371 2
6372 2
6373 2
6374 1
6375 1
6376 2
6377 3
6378 1
6379 1
6380 3
6381 1
6382 1
6383 2
6384 2
6385 2
6386 1
6387 1
6388 3
6389 2
6390 2
6391 1
6392 1
6393 1
6394 3
6395 1
6396 2
6397 2
6398 1
6399 1
6400 3
6401 1
6402 2
6403 1
6404 1
6405 1
6406 3
6407 2
6408 2
6409 2
6410 1
6411 1
6412 2
6413 1
6414 3
6415 2
6416 1
6417 1
6418 3
6419 2
6420 1
6421 3
6422 2
6423 2
6424 1
6425 1
6426 3
6427 3
6428 1
6429 1
6430 2
6431 1
6432 3
6433 2
6434 1
6435 1
6436 3
6437 3
6438 1
6439 1
6440 2
6441 1
6442 1
6443 1
6444 3
6445 1
6446 2
6447 2
6448 1
6449 2
6450 2
6451 2
6452 1
6453 1
6454 2
6455 1
6456 1
6457 1
6458 3
6459 2
6460 2
6461 1
6462 3
6463 2
6464 1
6465 1
6466 2
6467 3
6468 1
6469 1
6470 3
6471 1
6472 1
6473 2
6474 2
6475 2
6476 1
6477 2
6478 3
6479 2
6480 2
6481 2
6482 1
6483 1
6484 3
6485 3
6486 1
6487 2
6488 2
6489 2
6490 1
6491 1
6492 3
6493 1
6494 1
6495 2
6496 2
6497 1
6498 1
6499 3
6500 1
6501 1
6502 3
6503 1
6504 1
6505 2
6506 2
6507 2
6508 1
6509 1
6510 3
6511 1
6512 1
6513 1
6514 2
6515 3
6516 1
6517 1
6518 3
6519 3
6520 2
6521 1
6522 1
6523 1
6524 2
6525 1
6526 3
6527 1
6528 2
6529 2
6530 1
6531 1
6532 2
6533 3
6534 1
6535 1
6536 3
6537 1
6538 1
6539 1
6540 2
6541 3
6542 1
6543 1
6544 2
6545 1
6546 1
6547 1
6548 3
6549 3
6550 1
6551 1
6552 2
6553 1
6554 1
6555 1
6556 3
6557 1
6558 2
6559 2
6560 1
6561 1
6562 2
6563 1
6564 3
6565 2
6566 1
6567 1
6568 3
6569 1
6570 2
6571 1
6572 1
6573 1
6574 3
6575 2
6576 2
6577 2
6578 1
6579 1
6580 2
6581 3
6582 1
6583 1
6584 3
6585 1
6586 1
6587 2
6588 2
6589 1
6590 1
6591 1
6592 2
6593 1
6594 3
6595 1
6596 2
6597 2
6598 1
6599 1
6600 2
6601 3
6602 1
6603 1
6604 3
6605 1
6606 1
6607 2
6608 2
6609 2
6610 1
6611 1
6612 2
6613 1
6614 1
6615 1
6616 3
6617 3
6618 1
6619 1
6620 2
6621 1
6622 1
6623 1
6624 3
6625 1
6626 1
6627 2
6628 2
6629 2
6630 1
6631 1
6632 2
6633 1
6634 1
6635 1
6636 3
6637 1
6638 2
6639 2
6640 1
6641 1
6642 3
6643 1
6644 2
6645 1
6646 1
6647 1
6648 3
6649 2
6650 2
6651 2
6652 1
6653 1
6654 2
6655 1
6656 3
6657 2
6658 1
6659 1
6660 3
6661 2
6662 1
6663 3
6664 2
6665 2
6666 1
6667 2
6668 3
6669 2
6670 1
6671 1
6672 2
6673 1
6674 1
6675 1
6676 3
6677 1
6678 2
6679 1
6680 1
6681 1
6682 2
6683 1
6684 3
6685 3
6686 2
6687 2
6688 1
6689 1
6690 2
6691 3
6692 1
6693 1
6694 3
6695 1
6696 1
6697 2
6698 2
6699 2
6700 1
6701 1
6702 3
6703 1
6704 1
6705 1
6706 2
6707 2
6708 1
6709 2
6710 2
6711 1
6712 1
6713 1
6714 3
6715 1
6716 2
6717 2
6718 1
6719 1
6720 2
6721 1
6722 3
6723 2
6724 1
6725 1
6726 3
6727 1
6728 2
6729 1
6730 1
6731 1
6732 3
6733 2
6734 2
6735 2
6736 1
6737 1
6738 2
6739 3
6740 1
6741 1
6742 3
6743 1
6744 1
6745 2
6746 2
6747 2
6748 1
6749 1
6750 3
6751 1
6752 1
6753 1
6754 2
6755 3
6756 1
6757 1
6758 3
6759 3
6760 2
6761 2
6762 1
6763 1
6764 2
6765 1
6766 1
6767 1
6768 3
6769 3
6770 1
6771 1
6772 2
6773 1
6774 1
6775 1
6776 3
6777 1
6778 1
6779 2
6780 2
6781 2
6782 1
6783 1
6784 2
6785 1
6786 1
6787 1
6788 3
6789 1
6790 2
6791 2
6792 1
6793 1
6794 3
6795 1
6796 1
6797 1
6798 2
6799 3
6800 1
6801 1
6802 3
6803 3
6804 2
6805 2
6806 1
6807 1
6808 2
6809 1
6810 1
6811 1
6812 3
6813 1
6814 2
6815 2
6816 1
6817 1
6818 3
6819 1
6820 2
6821 1
6822 1
6823 1
6824 3
6825 2
6826 2
6827 2
6828 1
6829 2
6830 3
6831 2
6832 1
6833 1
6834 2
6835 1
6836 1
6837 1
6838 3
6839 1
6840 2
6841 1
6842 1
6843 1
6844 2
6845 1
6846 3
6847 3
6848 2
6849 2
6850 1
6851 1
6852 2
6853 1
6854 3
6855 2
6856 1
6857 1
6858 3
6859 2
6860 1
6861 3
6862 2
6863 2
6864 1
6865 1
6866 3
6867 3
6868 1
6869 1
6870 2
6871 1
6872 3
6873 2
6874 1
6875 1
6876 3
6877 2
6878 2
6879 1
6880 3
6881 2
6882 1
6883 1
6884 2
6885 3
6886 1
6887 1
6888 3
6889 2
6890 1
6891 3
6892 2
6893 2
6894 1
6895 1
6896 2
6897 1
6898 1
6899 1
6900 3
6901 1
6902 2
6903 2
6904 1
6905 2
6906 3
6907 2
6908 1
6909 1
6910 2
6911 1
6912 1
6913 1
6914 3
6915 1
6916 2
6917 2
6918 1
6919 2
6920 2
6921 2
6922 1
6923 1
6924 2
6925 1
6926 1
6927 2
6928 3
6929 2
6930 2
6931 2
6932 1
6933 1
6934 2
6935 3
6936 1
6937 1
6938 3
6939 1
6940 1
6941 2
6942 2
6943 2
6944 1
6945 1
6946 3
6947 1
6948 1
6949 1
6950 2
6951 3
6952 1
6953 1
6954 3
6955 3
6956 2
6957 1
6958 1
6959 1
6960 2
6961 1
6962 3
6963 1
6964 2
6965 2
6966 1
6967 1
6968 2
6969 3
6970 1
6971 1
6972 3
6973 1
6974 1
6975 1
6976 2
6977 3
6978 1
6979 1
6980 2
6981 1
6982 1
6983 1
6984 3
6985 3
6986 1
6987 1
6988 2
6989 1
6990 1
6991 1
6992 3
6993 1
6994 2
6995 2
6996 1
6997 1
6998 2
6999 1
7000 3
7001 2
7002 1
7003 1
7004 3
7005 3
7006 1
7007 1
7008 2
7009 1
7010 3
7011 2
7012 1
7013 1
7014 3
7015 2
7016 1
7017 2
7018 2
7019 2
7020 1
7021 2
7022 2
7023 1
7024 1
7025 1
7026 3
7027 1
7028 2
7029 2
7030 1
7031 1
7032 3
7033 1
7034 2
7035 1
7036 1
7037 1
7038 3
7039 2
7040 2
7041 2
7042 1
7043 2
7044 3
7045 2
7046 1
7047 1
7048 2
7049 1
7050 1
7051 1
7052 3
7053 1
7054 2
7055 1
7056 1
7057 1
7058 2
7059 1
7060 3
7061 3
7062 2
7063 2
7064 1
7065 1
7066 2
7067 1
7068 3
7069 2
7070 1
7071 1
7072 3
7073 2
7074 1
7075 3
7076 2
7077 2
7078 1
7079 1
7080 3
7081 3
7082 1
7083 1
7084 2
7085 1
7086 3
7087 2
7088 1
7089 1
7090 3
7091 2
7092 2
7093 1
7094 3
7095 2
7096 1
7097 1
7098 2
7099 3
7100 1
7101 1
7102 3
7103 2
7104 1
7105 3
7106 2
7107 2
7108 1
7109 1
7110 2
7111 1
7112 1
7113 1
7114 3
7115 1
7116 2
7117 2
7118 1
7119 2
7120 3
7121 2
7122 1
7123 1
7124 2
7125 1
7126 1
7127 1
7128 3
7129 1
7130 2
7131 2
7132 1
7133 2
7134 2
7135 2
7136 1
7137 1
7138 2
7139 1
7140 1
7141 2
7142 3
7143 2
7144 2
7145 2
7146 1
7147 1
7148 2
7149 1
7150 3
7151 2
7152 1
7153 1
7154 3
7155 2
7156 1
7157 3
7158 2
7159 2
7160 1
7161 1
7162 3
7163 3
7164 1
7165 1
7166 2
7167 1
7168 3
7169 2
7170 1
7171 2
7172 3
7173 1
7174 2
7175 3
7176 1
7177 1
7178 2
7179 1
7180 1
7181 1
7182 3
7183 1
7184 1
7185 2
7186 2
7187 2
7188 1
7189 1
7190 2
7191 1
7192 3
7193 2
7194 1
7195 1
7196 3
7197 3
7198 1
7199 1
7200 2
7201 1
7202 3
7203 2
7204 1
7205 1
7206 2
7207 3
7208 1
7209 2
7210 3
7211 2
7212 1
7213 1
7214 2
7215 3
7216 1
7217 1
7218 3
7219 1
7220 1
7221 2
7222 2
7223 2
7224 1
7225 1
7226 2
7227 1
7228 1
7229 1
7230 3
7231 1
7232 2
7233 2
7234 1
7235 1
7236 3
7237 1
7238 1
7239 1
7240 2
7241 3
7242 1
7243 1
7244 3
7245 3
7246 2
7247 2
7248 1
7249 1
7250 2
7251 1
7252 3
7253 2
7254 1
7255 1
7256 3
7257 2
7258 1
7259 2
7260 2
7261 3
7262 1
7263 1
7264 2
7265 1
7266 1
7267 1
7268 3
7269 1
7270 1
7271 2
7272 2
7273 2
7274 1
7275 1
7276 2
7277 1
7278 3
7279 2
7280 1
7281 1
7282 3
7283 2
7284 1
7285 2
7286 2
7287 2
7288 1
7289 1
7290 3
7291 2
7292 2
7293 2
7294 1
7295 2
7296 2
7297 2
7298 1
7299 1
7300 2
7301 1
7302 1
7303 2
7304 3
7305 2
7306 2
7307 2
7308 1
7309 1
7310 2
7311 3
7312 1
7313 1
7314 3
7315 1
7316 1
7317 2
7318 2
7319 2
7320 1
7321 1
7322 3
7323 1
7324 1
7325 1
7326 2
7327 3
7328 1
7329 1
7330 3
7331 3
7332 2
7333 1
7334 1
7335 1
7336 2
7337 1
7338 3
7339 1
7340 2
7341 2
7342 1
7343 1
7344 2
7345 3
7346 1
7347 1
7348 3
7349 1
7350 1
7351 1
7352 2
7353 3
7354 1
7355 1
7356 2
7357 1
7358 1
7359 1
7360 3
7361 3
7362 1
7363 1
7364 2
7365 1
7366 1
7367 1
7368 3
7369 1
7370 2
7371 2
7372 1
7373 1
7374 2
7375 1
7376 3
7377 2
7378 1
7379 1
7380 3
7381 1
7382 2
7383 1
7384 1
7385 1
7386 3
7387 2
7388 2
7389 2
7390 1
7391 1
7392 2
7393 3
7394 1
7395 1
7396 3
7397 1
7398 1
7399 2
7400 2
7401 2
7402 1
7403 1
7404 3
7405 1
7406 1
7407 1
7408 2
7409 3
7410 1
7411 1
7412 3
7413 3
7414 2
7415 2
7416 1
7417 1
7418 3
7419 2
7420 2
7421 3
7422 1
7423 1
7424 3
7425 1
7426 1
7427 2
7428 2
7429 2
7430 1
7431 1
7432 3
7433 1
7434 1
7435 1
7436 2
7437 3
7438 1
7439 1
7440 3
7441 3
7442 2
7443 2
7444 1
7445 1
7446 2
7447 1
7448 1
7449 1
7450 3
7451 1
7452 2
7453 2
7454 1
7455 1
7456 3
7457 1
7458 2
7459 1
7460 1
7461 1
7462 3
7463 2
7464 2
7465 1
7466 1
7467 1
7468 2
7469 1
7470 3
7471 1
7472 2
7473 2
7474 1
7475 1
7476 2
7477 3
7478 1
7479 1
7480 3
7481 1
7482 1
7483 1
7484 2
7485 3
7486 1
7487 1
7488 2
7489 1
7490 1
7491 2
7492 3
7493 2
7494 2
7495 2
7496 1
7497 1
7498 2
7499 1
7500 3
7501 2
7502 1
7503 1
7504 3
7505 2
7506 1
7507 3
7508 2
7509 2
7510 1
7511 1
7512 3
7513 3
7514 1
7515 2
7516 2
7517 1
7518 1
7519 2
7520 2
7521 3
7522 1
7523 1
7524 3
7525 1
7526 1
7527 2
7528 2
7529 2
7530 1
7531 1
7532 2
7533 1
7534 1
7535 1
7536 3
7537 1
7538 2
7539 2
7540 1
7541 1
7542 3
7543 1
7544 1
7545 1
7546 2
7547 3
7548 1
7549 1
7550 3
7551 3
7552 2
7553 2
7554 1
7555 1
7556 2
7557 1
7558 3
7559 2
7560 1
7561 1
7562 3
7563 2
7564 1
7565 3
7566 2
7567 2
7568 1
7569 1
7570 3
7571 3
7572 1
7573 2
7574 2
7575 2
7576 1
7577 1
7578 3
7579 3
7580 2
7581 1
7582 1
7583 1
7584 2
7585 1
7586 3
7587 1
7588 1
7589 2
7590 2
7591 2
7592 1
7593 1
7594 3
7595 3
7596 2
7597 1
7598 1
7599 3
7600 2
7601 2
7602 1
7603 1
7604 2
7605 2
7606 1
7607 1
7608 2
7609 1
7610 3
7611 3
7612 2
7613 2
7614 1
7615 1
7616 2
7617 1
7618 1
7619 1
7620 3
7621 1
7622 2
7623 2
7624 1
7625 1
7626 3
7627 1
7628 2
7629 1
7630 1
7631 1
7632 3
7633 2
7634 2
7635 2
7636 1
7637 2
7638 3
7639 2
7640 1
7641 1
7642 2
7643 1
7644 1
7645 1
7646 3
7647 1
7648 2
7649 1
7650 1
7651 1
7652 2
7653 1
7654 3
7655 1
7656 1
7657 1
7658 2
7659 1
7660 3
7661 2
7662 1
7663 1
7664 2
7665 3
7666 1
7667 1
7668 3
7669 2
7670 1
7671 3
7672 2
7673 2
7674 1
7675 1
7676 2
7677 1
7678 1
7679 1
7680 3
7681 1
7682 2
7683 2
7684 1
7685 2
7686 3
7687 2
7688 1
7689 1
7690 2
7691 1
7692 1
7693 1
7694 3
7695 1
7696 2
7697 2
7698 1
7699 1
7700 2
7701 1
7702 3
7703 1
7704 1
7705 1
7706 2
7707 1
7708 3
7709 1
7710 2
7711 2
7712 1
7713 1
7714 2
7715 1
7716 3
7717 2
7718 1
7719 1
7720 3
7721 2
7722 1
7723 3
7724 2
7725 2
7726 1
7727 1
7728 2
7729 3
7730 1
7731 1
7732 3
7733 1
7734 1
7735 2
7736 2
7737 2
7738 1
7739 1
7740 3
7741 3
7742 1
7743 1
7744 2
7745 1
7746 3
7747 2
7748 1
7749 2
7750 3
7751 2
7752 2
7753 2
7754 1
7755 1
7756 2
7757 1
7758 1
7759 1
7760 3
7761 1
7762 2
7763 2
7764 1
7765 1
7766 3
7767 1
7768 2
7769 1
7770 1
7771 2
7772 2
7773 1
7774 3
7775 2
7776 1
7777 1
7778 2
7779 3
7780 1
7781 1
7782 3
7783 2
7784 1
7785 3
7786 2
7787 2
7788 1
7789 1
7790 2
7791 1
7792 1
7793 1
7794 3
7795 1
7796 2
7797 2
7798 1
7799 1
7800 3
7801 1
7802 2
7803 1
7804 1
7805 1
7806 3
7807 2
7808 2
7809 2
7810 1
7811 1
7812 2
7813 1
7814 3
7815 1
7816 1
7817 1
7818 2
7819 1
7820 3
7821 1
7822 2
7823 2
7824 1
7825 1
7826 2
7827 1
7828 3
7829 2
7830 1
7831 1
7832 3
7833 1
7834 2
7835 1
7836 1
7837 1
7838 3
7839 2
7840 2
7841 2
7842 1
7843 1
7844 2
7845 1
7846 3
7847 2
7848 1
7849 1
7850 3
7851 2
7852 1
7853 3
7854 2
7855 2
7856 1
7857 1
7858 3
7859 3
7860 1
7861 1
7862 2
7863 1
7864 3
7865 2
7866 1
7867 2
7868 3
7869 2
7870 2
7871 2
7872 1
7873 1
7874 2
7875 3
7876 1
7877 1
7878 3
7879 1
7880 1
7881 2
7882 2
7883 2
7884 1
7885 1
7886 3
7887 1
7888 1
7889 1
7890 2
7891 3
7892 1
7893 1
7894 3
7895 2
7896 2
7897 3
7898 1
7899 1
7900 2
7901 1
7902 1
7903 1
7904 3
7905 1
7906 1
7907 2
7908 2
7909 2
7910 1
7911 1
7912 2
7913 1
7914 3
7915 2
7916 1
7917 1
7918 3
7919 3
7920 1
7921 1
7922 2
7923 1
7924 3
7925 2
7926 1
7927 1
7928 2
7929 2
7930 1
7931 1
7932 2
7933 1
7934 3
7935 3
7936 2
7937 2
7938 1
7939 1
7940 2
7941 1
7942 1
7943 1
7944 3
7945 1
7946 2
7947 2
7948 1
7949 1
7950 3
7951 1
7952 2
7953 1
7954 1
7955 1
7956 3
7957 2
7958 2
7959 2
7960 1
7961 2
7962 3
7963 1
7964 1
7965 2
7966 2
7967 2
7968 1
7969 2
7970 2
7971 1
7972 3
7973 2
7974 1
7975 1
7976 3
7977 2
7978 1
7979 3
7980 2
7981 2
7982 1
7983 1
7984 2
7985 3
7986 1
7987 1
7988 3
7989 1
7990 1
7991 2
7992 2
7993 2
7994 1
7995 1
7996 3
7997 3
7998 1
7999 1
8000 2
8001 1
8002 3
8003 2
8004 1
8005 2
8006 3
8007 2
8008 2
8009 2
8010 1
8011 1
8012 2
8013 1
8014 1
8015 1
8016 3
8017 1
8018 2
8019 2
8020 1
8021 1
8022 3
8023 1
8024 2
8025 1
8026 1
8027 1
8028 3
8029 2
8030 2
8031 2
8032 1
8033 2
8034 3
8035 2
8036 1
8037 1
8038 2
8039 1
8040 1
8041 1
8042 3
8043 1
8044 2
8045 1
8046 1
8047 1
8048 2
8049 1
8050 3
8051 3
8052 2
8053 2
8054 1
8055 1
8056 2
8057 1
8058 3
8059 1
8060 1
8061 1
8062 2
8063 1
8064 3
8065 1
8066 2
8067 2
8068 1
8069 1
8070 2
8071 1
8072 3
8073 2
8074 1
8075 1
8076 3
8077 1
8078 2
8079 1
8080 1
8081 1
8082 3
8083 2
8084 2
8085 2
8086 1
8087 1
8088 2
8089 1
8090 3
8091 2
8092 1
8093 1
8094 3
8095 2
8096 1
8097 3
8098 2
8099 2
8100 1
8101 2
8102 3
8103 2
8104 1
8105 1
8106 2
8107 1
8108 1
8109 1
8110 3
8111 1
8112 2
8113 1
8114 1
8115 1
8116 2
8117 1
8118 3
8119 3
8120 2
8121 2
8122 1
8123 1
8124 2
8125 1
8126 3
8127 2
8128 1
8129 1
8130 3
8131 2
8132 1
8133 3
8134 2
8135 2
8136 1
8137 1
8138 3
8139 3
8140 1
8141 1
8142 2
8143 1
8144 3
8145 2
8146 1
8147 2
8148 3
8149 1
8150 2
8151 3
8152 1
8153 1
8154 2
8155 1
8156 1
8157 1
8158 3
8159 1
8160 1
8161 2
8162 2
8163 2
8164 1
8165 1
8166 2
8167 1
8168 3
8169 2
8170 1
8171 1
8172 3
8173 3
8174 1
8175 1
8176 2
8177 1
8178 3
8179 2
8180 1
8181 1
8182 2
8183 2
8184 1
8185 1
8186 2
8187 1
8188 3
8189 3
8190 2
8191 2
8192 1
8193 1
8194 2
8195 3
8196 1
8197 1
8198 3
8199 1
8200 1
8201 2
8202 2
8203 2
8204 1
8205 1
8206 3
8207 1
8208 1
8209 1
8210 2
8211 3
8212 1
8213 1
8214 3
8215 3
8216 2
8217 1
8218 1
8219 1
8220 2
8221 1
8222 3
8223 1
8224 2
8225 2
8226 1
8227 1
8228 2
8229 3
8230 1
8231 1
8232 3
8233 1
8234 1
8235 1
8236 2
8237 3
8238 1
8239 1
8240 2
8241 1
8242 1
8243 1
8244 3
8245 3
8246 1
8247 1
8248 2
8249 1
8250 1
8251 1
8252 3
8253 1
8254 2
8255 2
8256 1
8257 1
8258 2
8259 1
8260 3
8261 2
8262 1
8263 1
8264 3
8265 1
8266 2
8267 1
8268 1
8269 1
8270 3
8271 2
8272 2
8273 2
8274 1
8275 1
8276 2
8277 3
8278 1
8279 1
8280 3
8281 1
8282 1
8283 2
8284 2
8285 2
8286 1
8287 1
8288 3
8289 1
8290 1
8291 1
8292 2
8293 2
8294 1
8295 2
8296 2
8297 1
8298 1
8299 1
8300 3
8301 1
8302 2
8303 2
8304 1
8305 1
8306 2
8307 1
8308 3
8309 2
8310 1
8311 1
8312 3
8313 1
8314 2
8315 1
8316 1
8317 1
8318 3
8319 2
8320 2
8321 2
8322 1
8323 1
8324 2
8325 1
8326 3
8327 2
8328 1
8329 1
8330 3
8331 2
8332 1
8333 3
8334 2
8335 2
8336 1
8337 1
8338 3
8339 3
8340 1
8341 2
8342 2
8343 2
8344 1
8345 1
8346 3
8347 3
8348 2
8349 1
8350 1
8351 1
8352 2
8353 1
8354 3
8355 3
8356 2
8357 2
8358 1
8359 1
8360 2
8361 1
8362 3
8363 2
8364 1
8365 1
8366 3
8367 2
8368 1
8369 3
8370 2
8371 2
8372 1
8373 1
8374 3
8375 2
8376 2
8377 3
8378 1
8379 1
8380 3
8381 1
8382 1
8383 2
8384 2
8385 2
8386 1
8387 1
8388 3
8389 1
8390 1
8391 1
8392 2
8393 3
8394 1
8395 1
8396 3
8397 3
8398 2
8399 2
8400 1
8401 1
8402 2
8403 1
8404 1
8405 1
8406 3
8407 1
8408 2
8409 2
8410 1
8411 1
8412 3
8413 1
8414 2
8415 1
8416 1
8417 1
8418 3
8419 2
8420 2
8421 2
8422 1
8423 2
8424 3
8425 2
8426 1
8427 1
8428 2
8429 1
8430 1
8431 1
8432 3
8433 1
8434 2
8435 2
8436 1
8437 2
8438 3
8439 2
8440 1
8441 1
8442 2
8443 3
8444 1
8445 1
8446 3
8447 1
8448 1
8449 2
8450 2
8451 1
8452 1
8453 3
8454 2
8455 2
8456 1
8457 1
8458 2
8459 3
8460 1
8461 1
8462 3
8463 2
8464 2
8465 1
8466 1
8467 1
8468 3
8469 1
8470 2
8471 2
8472 1
8473 1
8474 2
8475 1
8476 3
8477 2
8478 1
8479 1
8480 3
8481 2
8482 1
8483 3
8484 2
8485 1
8486 1
8487 1
8488 2
8489 1
8490 3
8491 3
8492 2
8493 2
8494 1
8495 2
8496 3
8497 1
8498 1
8499 3
8500 2
8501 2
8502 1
8503 1
8504 3
8505 2
8506 1
8507 2
8508 2
8509 2
8510 1
8511 1
8512 3
8513 2
8514 1
8515 1
8516 3
8517 2
8518 1
8519 3
8520 2
8521 2
8522 1
8523 1
8524 3
8525 3
8526 1
8527 1
8528 2
8529 1
8530 3
8531 2
8532 1
8533 2
8534 3
8535 1
8536 2
8537 3
8538 1
8539 1
8540 2
8541 1
8542 1
8543 1
8544 3
8545 1
8546 1
8547 2
8548 2
8549 2
8550 1
8551 1
8552 2
8553 1
8554 3
8555 2
8556 1
8557 1
8558 3
8559 3
8560 1
8561 1
8562 2
8563 1
8564 3
8565 2
8566 1
8567 1
8568 2
8569 3
8570 1
8571 2
8572 3
8573 2
8574 1
8575 1
8576 2
8577 3
8578 1
8579 1
8580 3
8581 1
8582 1
8583 2
8584 2
8585 2
8586 1
8587 1
8588 2
8589 1
8590 1
8591 1
8592 3
8593 1
8594 2
8595 2
8596 1
8597 1
8598 3
8599 1
8600 1
8601 1
8602 2
8603 3
8604 1
8605 1
8606 3
8607 3
8608 2
8609 2
8610 1
8611 1
8612 2
8613 1
8614 3
8615 2
8616 1
8617 1
8618 3
8619 2
8620 1
8621 2
8622 2
8623 3
8624 1
8625 1
8626 2
8627 1
8628 1
8629 1
8630 3
8631 1
8632 1
8633 2
8634 2
8635 2
8636 1
8637 1
8638 2
8639 1
8640 3
8641 2
8642 1
8643 1
8644 3
8645 2
8646 1
8647 3
8648 2
8649 2
8650 1
8651 1
8652 2
8653 3
8654 1
8655 2
8656 3
8657 2
8658 1
8659 1
8660 2
8661 3
8662 1
8663 1
8664 3
8665 2
8666 1
8667 3
8668 2
8669 2
8670 1
8671 1
8672 2
8673 3
8674 1
8675 1
8676 3
8677 1
8678 1
8679 2
8680 2
8681 2
8682 1
8683 1
8684 3
8685 1
8686 1
8687 1
8688 2
8689 3
8690 1
8691 1
8692 3
8693 3
8694 2
8695 2
8696 1
8697 1
8698 2
8699 1
8700 1
8701 1
8702 3
8703 1
8704 2
8705 2
8706 1
8707 1
8708 3
8709 1
8710 2
8711 1
8712 1
8713 1
8714 3
8715 2
8716 2
8717 1
8718 1
8719 1
8720 2
8721 1
8722 3
8723 1
8724 2
8725 2
8726 1
8727 1
8728 2
8729 3
8730 1
8731 1
8732 3
8733 1
8734 1
8735 1
8736 2
8737 3
8738 1
8739 1
8740 2
8741 1
8742 1
8743 2
8744 3
8745 2
8746 2
8747 2
8748 1
8749 1
8750 2
8751 1
8752 3
8753 2
8754 1
8755 1
8756 3
8757 2
8758 1
8759 3
8760 2
8761 2
8762 1
8763 1
8764 3
8765 3
8766 1
8767 2
8768 2
8769 1
8770 1
8771 2
8772 2
8773 3
8774 1
8775 1
8776 3
8777 1
8778 1
8779 2
8780 2
8781 2
8782 1
8783 1
8784 2
8785 1
8786 1
8787 1
8788 3
8789 1
8790 2
8791 2
8792 1
8793 1
8794 3
8795 1
8796 1
8797 1
8798 2
8799 3
8800 1
8801 1
8802 3
8803 3
8804 2
8805 2
8806 1
8807 1
8808 2
8809 1
8810 3
8811 2
8812 1
8813 1
8814 3
8815 2
8816 1
8817 3
8818 2
8819 2
8820 1
8821 1
8822 3
8823 3
8824 1
8825 1
8826 2
8827 1
8828 3
8829 2
8830 1
8831 2
8832 3
8833 2
8834 2
8835 2
8836 1
8837 1
8838 2
8839 3
8840 1
8841 2
8842 3
8843 2
8844 1
8845 1
8846 2
8847 3
8848 1
8849 1
8850 3
8851 2
8852 1
8853 3
8854 2
8855 2
8856 1
8857 1
8858 2
8859 3
8860 1
8861 1
8862 3
8863 1
8864 1
8865 2
8866 2
8867 2
8868 1
8869 1
8870 3
8871 3
8872 1
8873 1
8874 2
8875 1
8876 3
8877 2
8878 1
8879 2
8880 3
8881 2
8882 2
8883 2
8884 1
8885 1
8886 2
8887 3
8888 1
8889 1
8890 3
8891 1
8892 1
8893 2
8894 2
8895 2
8896 1
8897 1
8898 3
8899 1
8900 1
8901 1
8902 2
8903 3
8904 1
8905 1
8906 3
8907 3
8908 2
8909 1
8910 1
8911 1
8912 2
8913 1
8914 3
8915 1
8916 2
8917 2
8918 1
8919 1
8920 2
8921 3
8922 1
8923 1
8924 3
8925 1
8926 1
8927 1
8928 2
8929 3
8930 1
8931 1
8932 2
8933 1
8934 1
8935 2
8936 3
8937 2
8938 2
8939 2
8940 1
8941 1
8942 2
8943 1
8944 1
8945 1
8946 3
8947 1
8948 2
8949 2
8950 1
8951 1
8952 3
8953 1
8954 2
8955 1
8956 1
8957 1
8958 3
8959 2
8960 2
8961 2
8962 1
8963 2
8964 3
8965 2
8966 1
8967 1
8968 2
8969 1
8970 1
8971 1
8972 3
8973 1
8974 2
8975 2
8976 1
8977 1
8978 3
8979 2
8980 2
8981 1
8982 1
8983 1
8984 3
8985 1
8986 2
8987 2
8988 1
8989 1
8990 2
8991 1
8992 3
8993 2
8994 1
8995 1
8996 3
8997 1
8998 2
8999 1
9000 1
9001 1
9002 3
9003 2
9004 2
9005 2
9006 1
9007 1
9008 2
9009 3
9010 1
9011 1
9012 3
9013 1
9014 1
9015 2
9016 2
9017 1
9018 1
9019 1
9020 2
9021 1
9022 3
9023 1
9024 2
9025 2
9026 1
9027 1
9028 2
9029 3
9030 1
9031 1
9032 3
9033 1
9034 1
9035 2
9036 2
9037 1
9038 1
9039 3
9040 2
9041 2
9042 1
9043 1
9044 2
9045 2
9046 1
9047 1
9048 2
9049 1
9050 3
9051 3
9052 2
9053 2
9054 1
9055 1
9056 2
9057 1
9058 3
9059 2
9060 1
9061 1
9062 3
9063 2
9064 1
9065 3
9066 2
9067 2
9068 1
9069 1
9070 3
9071 3
9072 1
9073 1
9074 2
9075 1
9076 3
9077 2
9078 1
9079 2
9080 3
9081 1
9082 2
9083 3
9084 1
9085 1
9086 2
9087 1
9088 1
9089 1
9090 3
9091 1
9092 1
9093 2
9094 2
9095 2
9096 1
9097 1
9098 2
9099 1
9100 3
9101 2
9102 1
9103 1
9104 3
9105 3
9106 1
9107 1
9108 2
9109 1
9110 3
9111 2
9112 1
9113 1
9114 2
9115 3
9116 1
9117 2
9118 3
9119 2
9120 1
9121 1
9122 2
9123 3
9124 1
9125 1
9126 3
9127 1
9128 1
9129 2
9130 2
9131 2
9132 1
9133 1
9134 2
9135 1
9136 1
9137 1
9138 3
9139 1
9140 2
9141 2
9142 1
9143 2
9144 3
9145 2
9146 1
9147 1
9148 2
9149 1
9150 1
9151 1
9152 3
9153 1
9154 2
9155 2
9156 1
9157 1
9158 3
9159 1
9160 2
9161 1
9162 1
9163 3
9164 2
9165 1
9166 1
9167 2
9168 2
9169 3
9170 1
9171 1
9172 3
9173 1
9174 1
9175 2
9176 2
9177 2
9178 1
9179 1
9180 3
9181 1
9182 1
9183 1
9184 2
9185 3
9186 1
9187 1
9188 3
9189 3
9190 2
9191 1
9192 1
9193 1
9194 2
9195 1
9196 3
9197 1
9198 2
9199 2
9200 1
9201 1
9202 2
9203 3
9204 1
9205 1
9206 3
9207 1
9208 1
9209 1
9210 2
9211 3
9212 1
9213 1
9214 2
9215 1
9216 1
9217 2
9218 3
9219 2
9220 2
9221 2
9222 1
9223 1
9224 2
9225 1
9226 1
9227 1
9228 3
9229 1
9230 2
9231 2
9232 1
9233 1
9234 3
9235 1
9236 2
9237 1
9238 1
9239 1
9240 3
9241 2
9242 2
9243 2
9244 1
9245 2
9246 3
9247 2
9248 1
9249 1
9250 2
9251 1
9252 1
9253 1
9254 3
9255 1
9256 2
9257 2
9258 1
9259 1
9260 3
9261 2
9262 2
9263 1
9264 1
9265 1
9266 3
9267 1
9268 2
9269 2
9270 1
9271 1
9272 2
9273 1
9274 3
9275 2
9276 1
9277 1
9278 3
9279 1
9280 2
9281 1
9282 1
9283 1
9284 3
9285 2
9286 2
9287 2
9288 1
9289 1
9290 2
9291 3
9292 1
9293 1
9294 3
9295 1
9296 1
9297 2
9298 2
9299 1
9300 1
9301 1
9302 2
9303 1
9304 3
9305 1
9306 2
9307 2
9308 1
9309 1
9310 2
9311 3
9312 1
9313 1
9314 3
9315 1
9316 1
9317 2
9318 2
9319 1
9320 1
9321 3
9322 2
9323 2
9324 1
9325 1
9326 2
9327 2
9328 1
9329 1
9330 2
9331 1
9332 3
9333 3
9334 2
9335 2
9336 1
9337 1
9338 2
9339 1
9340 1
9341 1
9342 3
9343 1
9344 2
9345 2
9346 1
9347 1
9348 3
9349 1
9350 2
9351 1
9352 1
9353 1
9354 3
9355 2
9356 2
9357 2
9358 1
9359 2
9360 3
9361 2
9362 1
9363 1
9364 2
9365 1
9366 1
9367 1
9368 3
9369 1
9370 2
9371 1
9372 1
9373 1
9374 2
9375 1
9376 3
9377 1
9378 1
9379 1
9380 2
9381 1
9382 3
9383 2
9384 1
9385 1
9386 2
9387 3
9388 1
9389 1
9390 3
9391 2
9392 1
9393 3
9394 2
9395 2
9396 1
9397 1
9398 2
9399 1
9400 1
9401 1
9402 3
9403 1
9404 2
9405 2
9406 1
9407 2
9408 3
9409 2
9410 1
9411 1
9412 2
9413 1
9414 1
9415 1
9416 3
9417 1
9418 2
9419 2
9420 1
9421 1
9422 2
9423 1
9424 3
9425 1
9426 1
9427 1
9428 2
9429 1
9430 3
9431 1
9432 2
9433 2
9434 1
9435 1
9436 2
9437 1
9438 3
9439 2
9440 1
9441 1
9442 3
9443 2
9444 1
9445 3
9446 2
9447 2
9448 1
9449 1
9450 2
9451 3
9452 1
9453 1
9454 3
9455 1
9456 1
9457 2
9458 2
9459 2
9460 1
9461 1
9462 3
9463 3
9464 1
9465 1
9466 2
9467 1
9468 3
9469 2
9470 1
9471 2
9472 3
9473 2
9474 2
9475 2
9476 1
9477 1
9478 2
9479 1
9480 1
9481 1
9482 3
9483 1
9484 2
9485 2
9486 1
9487 1
9488 3
9489 1
9490 2
9491 1
9492 1
9493 2
9494 2
9495 1
9496 3
9497 2
9498 1
9499 1
9500 2
9501 3
9502 1
9503 1
9504 3
9505 2
9506 1
9507 3
9508 2
9509 2
9510 1
9511 1
9512 2
9513 1
9514 1
9515 1
9516 3
9517 1
9518 2
9519 2
9520 1
9521 1
9522 3
9523 1
9524 2
9525 1
9526 1
9527 3
9528 2
9529 2
9530 1
9531 1
9532 3
9533 3
9534 2
9535 1
9536 1
9537 3
9538 2
9539 2
9540 1
9541 1
9542 2
9543 2
9544 1
9545 1
9546 2
9547 1
9548 3
9549 3
9550 2
9551 2
9552 1
9553 1
9554 2
9555 1
9556 3
9557 2
9558 1
9559 1
9560 3
9561 2
9562 1
9563 3
9564 2
9565 2
9566 1
9567 1
9568 3
9569 3
9570 1
9571 1
9572 2
9573 1
9574 3
9575 2
9576 1
9577 2
9578 3
9579 1
9580 2
9581 3
9582 1
9583 1
9584 2
9585 1
9586 1
9587 1
9588 3
9589 1
9590 1
9591 2
9592 2
9593 2
9594 1
9595 1
9596 2
9597 1
9598 3
9599 2
9600 1
9601 1
9602 3
9603 3
9604 1
9605 1
9606 2
9607 1
9608 3
9609 2
9610 1
9611 1
9612 2
9613 3
9614 1
9615 2
9616 3
9617 2
9618 1
9619 1
9620 2
9621 3
9622 1
9623 1
9624 3
9625 1
9626 1
9627 2
9628 2
9629 2
9630 1
9631 1
9632 2
9633 1
9634 1
9635 1
9636 3
9637 1
9638 2
9639 2
9640 1
9641 1
9642 3
9643 1
9644 1
9645 1
9646 2
9647 3
9648 1
9649 1
9650 3
9651 3
9652 2
9653 2
9654 1
9655 1
9656 2
9657 1
9658 3
9659 2
9660 1
9661 1
9662 3
9663 2
9664 1
9665 3
9666 2
9667 2
9668 1
9669 1
9670 3
9671 3
9672 1
9673 1
9674 2
9675 1
9676 3
9677 2
9678 1
9679 2
9680 3
9681 2
9682 2
9683 2
9684 1
9685 1
9686 3
9687 2
9688 2
9689 1
9690 3
9691 2
9692 1
9693 1
9694 3
9695 2
9696 1
9697 3
9698 2
9699 2
9700 1
9701 1
9702 3
9703 3
9704 1
9705 1
9706 2
9707 1
9708 3
9709 2
9710 1
9711 2
9712 3
9713 2
9714 2
9715 2
9716 1
9717 1
9718 2
9719 3
9720 1
9721 1
9722 3
9723 1
9724 1
9725 2
9726 2
9727 2
9728 1
9729 1
9730 3
9731 1
9732 1
9733 1
9734 2
9735 3
9736 1
9737 1
9738 3
9739 2
9740 2
9741 3
9742 1
9743 1
9744 2
9745 1
9746 1
9747 1
9748 3
9749 1
9750 1
9751 2
9752 2
9753 2
9754 1
9755 1
9756 2
9757 1
9758 3
9759 2
9760 1
9761 1
9762 3
9763 3
9764 1
9765 1
9766 2
9767 1
9768 3
9769 2
9770 1
9771 1
9772 2
9773 2
9774 1
9775 1
9776 2
9777 1
9778 3
9779 3
9780 2
9781 2
9782 1
9783 1
9784 2
9785 1
9786 1
9787 1
9788 3
9789 1
9790 2
9791 2
9792 1
9793 1
9794 3
9795 1
9796 2
9797 1
9798 1
9799 1
9800 3
9801 2
9802 2
9803 2
9804 1
9805 2
9806 3
9807 1
9808 1
9809 2
9810 2
9811 2
9812 1
9813 2
9814 2
9815 1
9816 3
9817 2
9818 1
9819 1
9820 3
9821 2
9822 1
9823 3
9824 2
9825 2
9826 1
9827 1
9828 2
9829 3
9830 1
9831 1
9832 3
9833 1
9834 1
9835 2
9836 2
9837 2
9838 1
9839 1
9840 3
9841 3
9842 1
9843 1
9844 2
9845 1
9846 3
9847 2
9848 1
9849 2
9850 3
9851 2
9852 2
9853 2
9854 1
9855 1
9856 2
9857 1
9858 1
9859 1
9860 3
9861 1
9862 2
9863 2
9864 1
9865 1
9866 3
9867 1
9868 2
9869 1
9870 1
9871 1
9872 3
9873 2
9874 2
9875 2
9876 1
9877 2
9878 3
9879 1
9880 1
9881 3
9882 2
9883 2
9884 1
9885 2
9886 3
9887 1
9888 2
9889 3
9890 1
9891 1
9892 2
9893 1
9894 1
9895 1
9896 3
9897 2
9898 1
9899 3
9900 2
9901 2
9902 1
9903 2
9904 3
9905 1
9906 2
9907 2
9908 1
9909 1
9910 3
9911 2
9912 2
9913 2
9914 1
9915 2
9916 2
9917 2
9918 1
9919 1
9920 2
9921 1
9922 1
9923 2
9924 3
9925 2
9926 2
9927 2
9928 1
9929 1
9930 2
9931 3
9932 1
9933 1
9934 3
9935 1
9936 1
9937 2
9938 2
9939 2
9940 1
9941 1
9942 3
9943 1
9944 1
9945 1
9946 2
9947 3
9948 1
9949 1
9950 3
9951 3
9952 2
9953 1
9954 1
9955 1
9956 2
9957 1
9958 3
9959 1
9960 2
9961 2
9962 1
9963 1
9964 2
9965 3
9966 1
9967 1
9968 3
9969 1
9970 1
9971 1
9972 2
9973 3
9974 1
9975 1
9976 2
9977 1
9978 1
9979 1
9980 3
9981 3
9982 1
9983 1
9984 2
9985 1
9986 1
9987 1
9988 3
9989 1
9990 2
9991 2
9992 1
9993 1
9994 2
9995 1
9996 3
9997 2
9998 1
9999 1
10000 3
10001 1
10002 2
10003 1
10004 1
10005 1
10006 3
10007 2
10008 2
10009 2
10010 1
10011 1
10012 2
10013 3
10014 1
10015 1
10016 3
10017 1
10018 1
10019 2
10020 2
10021 1
10022 1
10023 1
10024 2
10025 1
10026 3
10027 1
10028 2
10029 2
10030 1
10031 1
10032 2
10033 3
10034 1
10035 1
10036 3
10037 1
10038 1
10039 2
10040 2
10041 2
10042 1
10043 1
10044 2
10045 1
10046 1
10047 1
10048 3
10049 3
10050 1
10051 1
10052 2
10053 1
10054 1
10055 1
10056 3
10057 1
10058 1
10059 2
10060 2
10061 2
10062 1
10063 1
10064 2
10065 1
10066 1
10067 1
10068 3
10069 1
10070 2
10071 2
10072 1
10073 1
10074 3
10075 1
10076 2
10077 1
10078 1
10079 1
10080 3
10081 2
10082 2
10083 2
10084 1
10085 1
10086 2
10087 1
10088 3
10089 2
10090 1
10091 1
10092 3
10093 2
10094 1
10095 3
10096 2
10097 2
10098 1
10099 2
10100 3
10101 2
10102 1
10103 1
10104 2
10105 1
10106 1
10107 1
10108 3
10109 1
10110 2
10111 1
10112 1
10113 1
10114 2
10115 1
10116 3
10117 3
10118 2
10119 2
10120 1
10121 1
10122 2
10123 3
10124 1
10125 1
10126 3
10127 1
10128 1
10129 2
10130 2
10131 2
10132 1
10133 1
10134 3
10135 1
10136 1
10137 1
10138 2
10139 2
10140 1
10141 2
10142 2
10143 1
10144 1
10145 1
10146 3
10147 1
10148 2
10149 2
10150 1
10151 1
10152 2
10153 1
10154 3
10155 2
10156 1
10157 1
10158 3
10159 1
10160 2
10161 1
10162 1
10163 1
10164 3
10165 2
10166 2
10167 2
10168 1
10169 1
10170 2
10171 3
10172 1
10173 1
10174 3
10175 1
10176 1
10177 2
10178 2
10179 2
10180 1
10181 1
10182 3
10183 1
10184 1
10185 1
10186 2
10187 3
10188 1
10189 1
10190 3
10191 3
10192 2
10193 2
10194 1
10195 1
10196 2
10197 1
10198 1
10199 1
10200 3
10201 3
10202 1
10203 1
10204 2
10205 1
10206 1
10207 1
10208 3
10209 1
10210 1
10211 2
10212 2
10213 2
10214 1
10215 1
10216 2
10217 1
10218 1
10219 1
10220 3
10221 1
10222 2
10223 2
10224 1
10225 1
10226 3
10227 1
10228 1
10229 1
10230 2
10231 3
10232 1
10233 1
10234 3
10235 3
10236 2
10237 2
10238 1
10239 1
10240 2
10241 1
10242 1
10243 1
10244 3
10245 1
10246 2
10247 2
10248 1
10249 1
10250 3
10251 1
10252 2
10253 1
10254 1
10255 1
10256 3
10257 2
10258 2
10259 2
10260 1
10261 2
10262 3
10263 2
10264 1
10265 1
10266 2
10267 1
10268 1
10269 1
10270 3
10271 1
10272 2
10273 1
10274 1
10275 1
10276 2
10277 1
10278 3
10279 3
10280 2
10281 2
10282 1
10283 1
10284 2
10285 1
10286 3
10287 2
10288 1
10289 1
10290 3
10291 2
10292 1
10293 3
10294 2
10295 2
10296 1
10297 1
10298 3
10299 3
10300 1
10301 1
10302 2
10303 1
10304 3
10305 2
10306 1
10307 1
10308 3
10309 2
10310 2
10311 1
10312 3
10313 2
10314 1
10315 1
10316 2
10317 3
10318 1
10319 1
10320 3
10321 2
10322 1
10323 3
10324 2
10325 2
10326 1
10327 1
10328 2
10329 1
10330 1
10331 1
10332 3
10333 1
10334 2
10335 2
10336 1
10337 2
10338 3
10339 2
10340 1
10341 1
10342 2
10343 1
10344 1
10345 1
10346 3
10347 1
10348 2
10349 2
10350 1
10351 2
10352 2
10353 2
10354 1
10355 1
10356 2
10357 1
10358 1
10359 2
10360 3
10361 2
10362 2
10363 2
10364 1
10365 1
10366 2
10367 3
10368 1
10369 1
10370 3
10371 1
10372 1
10373 2
10374 2
10375 2
10376 1
10377 1
10378 3
10379 1
10380 1
10381 1
10382 2
10383 3
10384 1
10385 1
10386 3
10387 3
10388 2
10389 1
10390 1
10391 1
10392 2
10393 1
10394 3
10395 2
10396 1
10397 3
10398 2
10399 1
10400 1
10401 2
10402 2
10403 1
10404 1
10405 1
10406 3
10407 1
10408 2
10409 2
10410 1
10411 1
10412 3
10413 1
10414 2
10415 1
10416 1
10417 1
10418 3
10419 2
10420 2
10421 2
10422 1
10423 1
10424 2
10425 1
10426 3
10427 2
10428 1
10429 1
10430 3
10431 2
10432 1
10433 3
10434 2
10435 2
10436 1
10437 2
10438 3
10439 2
10440 1
10441 1
10442 2
10443 1
10444 1
10445 1
10446 3
10447 1
10448 2
10449 1
10450 1
10451 1
10452 2
10453 1
10454 3
10455 3
10456 2
10457 2
10458 1
10459 1
10460 2
10461 3
10462 1
10463 1
10464 3
10465 1
10466 1
10467 2
10468 2
10469 2
10470 1
10471 1
10472 3
10473 1
10474 1
10475 1
10476 2
10477 3
10478 1
10479 1
10480 3
10481 3
10482 2
10483 1
10484 1
10485 1
10486 2
10487 1
10488 3
10489 1
10490 2
10491 2
10492 1
10493 1
10494 2
10495 3
10496 1
10497 1
10498 3
10499 1
10500 1
10501 1
10502 2
10503 3
10504 1
10505 1
10506 2
10507 1
10508 1
10509 2
10510 3
10511 2
10512 2
10513 2
10514 1
10515 1
10516 2
10517 1
10518 1
10519 1
10520 3
10521 3
10522 1
10523 1
10524 2
10525 1
10526 1
10527 1
10528 3
10529 1
10530 1
10531 2
10532 2
10533 2
10534 1
10535 1
10536 2
10537 1
10538 1
10539 1
10540 3
10541 1
10542 2
10543 2
10544 1
10545 1
10546 3
10547 1
10548 1
10549 1
10550 2
10551 3
10552 1
10553 1
10554 3
10555 3
10556 2
10557 2
10558 1
10559 1
10560 2
10561 1
10562 1
10563 1
10564 3
10565 1
10566 2
10567 2
10568 1
10569 1
10570 3
10571 1
10572 2
10573 1
10574 1
10575 1
10576 3
10577 2
10578 2
10579 1
10580 1
10581 1
10582 2
10583 1
10584 3
10585 1
10586 2
10587 2
10588 1
10589 1
10590 2
10591 3
10592 1
10593 1
10594 3
10595 1
10596 1
10597 1
10598 2
10599 3
10600 1
10601 1
10602 2
10603 1
10604 1
10605 2
10606 3
10607 2
10608 2
10609 2
10610 1
10611 1
10612 2
10613 1
10614 1
10615 1
10616 3
10617 1
10618 2
10619 2
10620 1
10621 1
10622 3
10623 1
10624 2
10625 1
10626 1
10627 1
10628 3
10629 2
10630 2
10631 2
10632 1
10633 2
10634 3
10635 2
10636 1
10637 1
10638 2
10639 1
10640 1
10641 1
10642 3
10643 1
10644 2
10645 1
10646 1
10647 1
10648 2
10649 1
10650 3
10651 1
10652 1
10653 1
10654 2
10655 1
10656 3
10657 2
10658 1
10659 1
10660 2
10661 3
10662 1
10663 1
10664 3
10665 2
10666 1
10667 3
10668 2
10669 2
10670 1
10671 1
10672 2
10673 1
10674 1
10675 1
10676 3
10677 1
10678 2
10679 2
10680 1
10681 2
10682 3
10683 2
10684 1
10685 1
10686 2
10687 1
10688 1
10689 1
10690 3
10691 1
10692 2
10693 2
10694 1
10695 2
10696 2
10697 2
10698 1
10699 1
10700 2
10701 1
10702 1
10703 2
10704 3
10705 2
10706 2
10707 2
10708 1
10709 1
10710 2
10711 1
10712 3
10713 2
10714 1
10715 1
10716 3
10717 2
10718 1
10719 3
10720 2
10721 2
10722 1
10723 1
10724 3
10725 3
10726 1
10727 1
10728 2
10729 1
10730 3
10731 2
10732 1
10733 2
10734 3
10735 1
10736 2
10737 3
10738 1
10739 1
10740 2
10741 1
10742 1
10743 1
10744 3
10745 1
10746 1
10747 2
10748 2
10749 2
10750 1
10751 1
10752 2
10753 1
10754 3
10755 2
10756 1
10757 1
10758 3
10759 3
10760 1
10761 1
10762 2
10763 1
10764 3
10765 2
10766 1
10767 1
10768 2
10769 3
10770 1
10771 2
10772 3
10773 2
10774 1
10775 1
10776 2
10777 3
10778 1
10779 1
10780 3
10781 1
10782 1
10783 2
10784 2
10785 2
10786 1
10787 1
10788 2
10789 1
10790 1
10791 1
10792 3
10793 1
10794 2
10795 2
10796 1
10797 1
10798 3
10799 1
10800 1
10801 1
10802 2
10803 3
10804 1
10805 1
10806 3
10807 3
10808 2
10809 2
10810 1
10811 1
10812 2
10813 1
10814 3
10815 2
10816 1
10817 1
10818 3
10819 2
10820 1
10821 3
10822 2
10823 2
10824 1
10825 1
10826 3
10827 3
10828 1
10829 2
10830 2
10831 1
10832 1
10833 2
10834 2
10835 3
10836 1
10837 1
10838 3
10839 1
10840 1
10841 2
10842 2
10843 2
10844 1
10845 1
10846 2
10847 1
10848 1
10849 1
10850 3
10851 1
10852 2
10853 2
10854 1
10855 1
10856 3
10857 1
10858 1
10859 1
10860 2
10861 3
10862 1
10863 1
10864 3
10865 3
10866 2
10867 2
10868 1
10869 1
10870 2
10871 1
10872 1
10873 1
10874 3
10875 1
10876 2
10877 2
10878 1
10879 1
10880 3
10881 1
10882 2
10883 1
10884 1
10885 1
10886 3
10887 2
10888 2
10889 2
10890 1
10891 2
10892 3
10893 1
10894 1
10895 3
10896 2
10897 2
10898 1
10899 2
10900 3
10901 1
10902 2
10903 3
10904 1
10905 1
10906 2
10907 1
10908 1
10909 2
10910 3
10911 2
10912 2
10913 2
10914 1
10915 1
10916 2
10917 1
10918 1
10919 1
10920 3
10921 1
10922 2
10923 2
10924 1
10925 1
10926 3
10927 1
10928 2
10929 1
10930 1
10931 1
10932 3
10933 2
10934 2
10935 2
10936 1
10937 1
10938 3
10939 2
10940 2
10941 1
10942 3
10943 2
10944 1
10945 1
10946 3
10947 2
10948 1
10949 3
10950 2
10951 2
10952 1
10953 1
10954 3
10955 3
10956 1
10957 1
10958 2
10959 1
10960 3
10961 2
10962 1
10963 2
10964 3
10965 2
10966 2
10967 2
10968 1
10969 1
10970 2
10971 3
10972 1
10973 1
10974 3
10975 1
10976 1
10977 2
10978 2
10979 2
10980 1
10981 1
10982 3
10983 1
10984 1
10985 1
10986 2
10987 3
10988 1
10989 1
10990 3
10991 3
10992 2
10993 1
10994 1
10995 1
10996 2
10997 1
10998 3
10999 1
11000 2
11001 2
11002 1
11003 1
11004 2
11005 3
11006 1
11007 1
11008 3
11009 1
11010 1
11011 2
11012 2
11013 1
11014 1
11015 1
11016 2
11017 1
11018 3
11019 1
11020 2
11021 2
11022 1
11023 1
11024 2
11025 1
11026 3
11027 2
11028 1
11029 1
11030 3
11031 2
11032 1
11033 2
11034 2
11035 2
11036 1
11037 1
11038 3
11039 2
11040 2
11041 2
11042 1
11043 1
11044 2
11045 1
11046 3
11047 2
11048 1
11049 1
11050 3
11051 2
11052 2
11053 3
11054 1
11055 1
11056 3
11057 1
11058 1
11059 2
11060 2
11061 2
11062 1
11063 1
11064 2
11065 1
11066 1
11067 1
11068 3
11069 1
11070 2
11071 2
11072 1
11073 1
11074 3
11075 1
11076 2
11077 1
11078 1
11079 1
11080 3
11081 1
11082 2
11083 3
11084 1
11085 1
11086 2
11087 1
11088 1
11089 2
11090 3
11091 2
11092 2
11093 1
11094 1
11095 1
11096 2
11097 1
11098 3
11099 2
11100 1
11101 1
11102 3
11103 2
11104 2
11105 2
11106 1
11107 1
11108 3
11109 1
11110 2
11111 1
11112 1
11113 3
11114 2
11115 1
11116 1
