1 2
2 0
3 2
4 1
5 2
6 1
7 2
8 1
9 2
10 2
11 1
12 1
13 2
14 1
15 2
16 2
17 2
18 1
19 1
20 2
21 1
22 1
23 2
24 2
25 1
26 2
27 1
28 2
29 1
30 2
31 1
32 2
33 2
34 1
35 2
36 1
37 1
38 1
39 2
40 2
41 2
42 1
43 2
44 1
45 2
46 1
47 1
48 1
49 2
50 1
51 2
52 2
53 1
54 2
55 2
56 2
57 2
58 1
59 1
60 2
61 1
62 2
63 1
64 2
65 1
66 2
67 1
68 1
69 2
70 1
71 2
72 2
73 1
74 1
75 1
76 2
77 2
78 1
79 2
80 1
81 2
82 1
83 2
84 1
85 1
86 2
87 2
88 1
89 2
90 1
91 2
92 2
93 1
94 2
95 1
96 2
97 2
98 2
99 1
100 1
101 1
102 2
103 2
104 2
105 1
106 1
107 2
108 2
109 2
110 1
111 1
112 1
113 2
114 1
115 1
116 2
117 1
118 2
119 2
120 2
121 1
122 1
123 2
124 2
125 1
126 2
127 1
128 2
129 1
130 1
131 1
132 2
133 1
134 1
135 2
136 1
137 2
138 1
139 2
140 2
141 1
142 2
143 1
144 2
145 1
146 2
147 1
148 2
149 1
150 2
151 1
152 2
153 1
154 2
155 1
156 2
157 1
158 2
159 1
160 2
161 2
162 2
163 1
164 2
165 2
166 2
167 1
168 1
169 1
170 2
171 2
172 1
173 2
174 1
175 1
176 2
177 1
178 2
179 1
180 1
181 1
182 2
183 1
184 2
185 2
186 2
187 1
188 1
189 1
190 2
191 1
192 2
193 1
194 2
195 2
196 2
197 1
198 1
199 2
200 2
201 2
202 1
203 1
204 1
205 2
206 2
207 1
208 2
209 2
210 1
211 1
212 2
213 1
214 2
215 2
216 1
217 1
218 2
219 2
220 2
221 1
222 1
223 2
224 1
225 2
226 1
227 2
228 2
229 1
230 2
231 1
232 1
233 1
234 2
235 1
236 2
237 1
238 2
239 2
240 2
241 2
242 1
243 1
244 1
245 2
246 2
247 1
248 2
249 1
250 2
251 1
252 2
253 2
254 1
255 2
256 2
257 1
258 1
259 2
260 1
261 1
262 2
263 1
264 1
265 2
266 1
267 2
268 2
269 1
270 2
271 1
272 1
273 1
274 1
275 1
276 1
277 2
278 1
279 1
280 2
281 2
282 1
283 2
284 1
285 1
286 2
287 1
288 2
289 1
290 2
291 2
292 2
293 2
294 2
295 1
296 2
297 1
298 2
299 2
300 1
301 1
302 2
303 1
304 2
305 1
306 1
307 2
308 1
309 2
310 1
311 2
312 2
313 2
314 1
315 2
316 1
317 2
318 2
319 1
320 2
321 1
322 1
323 2
324 1
325 2
326 1
327 1
328 1
329 2
330 2
331 1
332 2
333 1
334 2
335 1
336 2
337 1
338 2
339 1
340 1
341 1
342 2
343 2
344 1
345 2
346 2
347 1
348 1
349 2
350 2
351 1
352 1
353 2
354 1
355 1
356 2
357 2
358 2
359 2
360 2
361 1
362 2
363 2
364 2
365 1
366 1
367 2
368 1
369 1
370 2
371 1
372 2
373 2
374 1
375 1
376 2
377 2
378 1
379 2
380 1
381 2
382 2
383 1
384 2
385 1
386 2
387 1
388 1
389 1
390 2
391 1
392 2
393 2
394 1
395 2
396 1
397 1
398 2
399 1
400 2
401 1
402 2
403 1
404 2
405 2
406 1
407 1
408 2
409 1
410 2
411 1
412 2
413 2
414 1
415 1
416 2
417 2
418 1
419 2
420 2
421 2
422 1
423 2
424 2
425 1
426 2
427 2
428 2
429 1
430 2
431 1
432 2
433 1
434 2
435 1
436 2
437 1
438 1
439 1
440 1
441 2
442 2
443 1
444 2
445 1
446 2
447 1
448 2
449 1
450 1
451 1
452 2
453 2
454 2
455 1
456 2
457 1
458 2
459 1
460 2
461 1
462 1
463 2
464 1
465 1
466 1
467 1
468 2
469 2
470 1
471 1
472 2
473 2
474 1
475 2
476 1
477 2
478 1
479 2
480 2
481 1
482 2
483 1
484 2
485 1
486 2
487 1
488 2
489 1
490 1
491 1
492 2
493 1
494 2
495 2
496 1
497 1
498 2
499 1
500 1
501 2
502 1
503 2
504 1
505 1
506 2
507 2
508 1
509 1
510 1
511 2
512 2
513 1
514 2
515 1
516 1
517 2
518 1
519 2
520 1
521 1
522 1
523 2
524 2
525 1
526 2
527 1
528 2
529 2
530 2
531 1
532 2
533 1
534 2
535 1
536 2
537 1
538 2
539 1
540 1
541 2
542 2
543 1
544 2
545 2
546 1
547 1
548 2
549 1
550 2
551 2
552 1
553 2
554 2
555 2
556 1
557 1
558 2
559 1
560 1
561 2
562 2
563 2
564 1
565 1
566 1
567 2
568 1
569 2
570 2
571 1
572 2
573 1
574 1
575 1
576 2
577 2
578 1
579 2
580 1
581 2
582 1
583 2
584 2
585 1
586 2
587 1
588 2
589 2
590 1
591 1
592 2
593 1
594 2
595 1
596 1
597 2
598 2
599 2
600 2
601 2
602 1
603 1
604 1
605 2
606 2
607 2
608 2
609 1
610 2
611 1
612 1
613 2
614 1
615 2
616 2
617 1
618 1
619 1
620 2
621 1
622 1
623 1
624 1
625 2
626 1
627 2
628 2
629 1
630 1
631 1
632 2
633 2
634 2
635 2
636 2
637 1
638 1
639 2
640 2
641 1
642 1
643 2
644 1
645 2
646 2
647 1
648 1
649 2
650 1
651 1
652 2
653 2
654 2
655 1
656 1
657 2
658 2
659 1
660 2
661 2
662 1
663 1
664 2
665 1
666 2
667 1
668 1
669 1
670 2
671 2
672 1
673 2
674 1
675 2
676 2
677 1
678 1
679 2
680 2
681 2
682 1
683 1
684 1
685 1
686 2
687 2
688 1
689 2
690 1
691 2
692 1
693 1
694 1
695 2
696 1
697 2
698 2
699 2
700 2
701 1
702 2
703 2
704 2
705 1
706 2
707 1
708 2
709 2
710 2
711 2
712 2
713 1
714 1
715 2
716 1
717 1
718 1
719 2
720 1
721 1
722 2
723 2
724 1
725 2
726 2
727 1
728 2
729 2
730 1
731 1
732 2
733 1
734 1
735 1
736 2
737 1
738 2
739 1
740 2
741 1
742 1
743 2
744 1
745 2
746 1
747 2
748 1
749 1
750 2
751 1
752 2
753 2
754 1
755 2
756 1
757 1
758 1
759 2
760 1
761 2
762 2
763 2
764 1
765 1
766 1
767 2
768 2
769 1
770 1
771 2
772 2
773 1
774 2
775 1
776 2
777 2
778 1
779 2
780 2
781 1
782 2
783 2
784 1
785 2
786 2
787 1
788 1
789 2
790 2
791 1
792 1
793 1
794 2
795 1
796 2
797 2
798 1
799 2
800 1
801 2
802 1
803 1
804 2
805 2
806 1
807 2
808 1
809 1
810 2
811 1
812 1
813 2
814 2
815 2
816 1
817 1
818 2
819 2
820 1
821 2
822 2
823 2
824 2
825 1
826 1
827 2
828 2
829 1
830 1
831 1
832 1
833 2
834 1
835 1
836 1
837 2
838 1
839 1
840 2
841 1
842 2
843 2
844 1
845 1
846 2
847 1
848 2
849 2
850 1
851 1
852 2
853 2
854 1
855 1
856 1
857 2
858 2
859 1
860 1
861 1
862 2
863 1
864 2
865 1
866 1
867 2
868 1
869 2
870 2
871 1
872 2
873 1
874 2
875 1
876 2
877 1
878 2
879 1
880 2
881 1
882 2
883 2
884 2
885 1
886 1
887 2
888 1
889 2
890 2
891 2
892 1
893 2
894 1
895 1
896 2
897 2
898 2
899 1
900 1
901 2
902 2
903 2
904 1
905 1
906 2
907 1
908 1
909 2
910 2
911 2
912 2
913 2
914 1
915 2
916 1
917 1
918 2
919 2
920 1
921 2
922 1
923 1
924 2
925 1
926 1
927 2
928 2
929 2
930 1
931 2
932 1
933 1
934 2
935 1
936 2
937 1
938 1
939 1
940 1
941 1
942 2
943 2
944 2
945 1
946 1
947 2
948 2
949 1
950 2
951 1
952 2
953 2
954 2
955 1
956 2
957 2
958 1
959 2
960 1
961 1
962 2
963 2
964 2
965 1
966 1
967 2
968 1
969 1
970 2
971 2
972 1
973 2
974 1
975 1
976 2
977 1
978 2
979 1
980 1
981 2
982 1
983 1
984 2
985 1
986 1
987 2
988 2
989 2
990 2
991 2
992 2
993 1
994 1
995 2
996 1
997 2
998 2
999 2
1000 2
1001 1
1002 1
1003 2
1004 2
1005 1
1006 1
1007 1
1008 2
1009 1
1010 1
1011 2
1012 1
1013 1
1014 2
1015 2
1016 2
1017 1
1018 2
1019 1
1020 2
1021 2
1022 2
1023 2
1024 1
1025 1
1026 2
1027 1
1028 1
1029 1
1030 2
1031 1
1032 2
1033 1
1034 2
1035 2
1036 1
1037 1
1038 2
1039 1
1040 2
1041 1
1042 2
1043 1
1044 1
1045 1
1046 1
1047 2
1048 2
1049 1
1050 2
1051 1
1052 1
1053 2
1054 2
1055 1
1056 1
1057 2
1058 1
1059 1
1060 2
1061 2
1062 1
1063 1
1064 2
1065 1
1066 2
1067 1
1068 2
1069 1
1070 2
1071 1
1072 2
1073 1
1074 2
1075 1
1076 1
1077 1
1078 2
1079 2
1080 1
1081 2
1082 1
1083 2
1084 2
1085 1
1086 1
1087 1
1088 1
1089 1
1090 2
1091 2
1092 2
1093 1
1094 1
1095 2
1096 1
1097 2
1098 2
1099 1
1100 2
1101 2
1102 1
1103 2
1104 2
1105 1
1106 2
1107 1
1108 1
1109 1
1110 1
1111 2
1112 1
1113 2
1114 2
1115 2
1116 1
1117 2
1118 1
1119 1
1120 2
1121 1
1122 2
1123 2
1124 1
1125 1
1126 2
1127 1
1128 1
1129 1
1130 1
1131 1
1132 1
1133 2
1134 1
1135 1
1136 2
1137 2
1138 1
1139 1
1140 1
1141 2
1142 2
1143 2
1144 2
1145 2
1146 1
1147 2
1148 1
1149 2
1150 1
1151 2
1152 2
1153 1
1154 2
1155 1
1156 2
1157 1
1158 1
1159 2
1160 2
1161 1
1162 1
1163 1
1164 2
1165 2
1166 1
1167 2
1168 1
1169 2
1170 1
1171 2
1172 1
1173 2
1174 2
1175 2
1176 2
1177 2
1178 1
1179 2
1180 2
1181 2
1182 1
1183 2
1184 2
1185 1
1186 1
1187 1
1188 2
1189 2
1190 1
1191 1
1192 1
1193 1
1194 2
1195 1
1196 2
1197 1
1198 2
1199 1
1200 1
1201 1
1202 2
1203 2
1204 2
1205 1
1206 1
1207 1
1208 2
1209 2
1210 1
1211 1
1212 1
1213 2
1214 2
1215 2
1216 2
1217 1
1218 1
1219 1
1220 2
1221 1
1222 1
1223 2
1224 2
1225 1
1226 2
1227 1
1228 1
1229 1
1230 2
1231 1
1232 2
1233 1
1234 2
1235 2
1236 1
1237 2
1238 2
1239 1
1240 1
1241 2
1242 1
1243 2
1244 2
1245 1
1246 2
1247 1
1248 2
1249 2
1250 1
1251 2
1252 2
1253 2
1254 2
1255 1
1256 2
1257 2
1258 2
1259 1
1260 2
1261 1
1262 2
1263 2
1264 1
1265 2
1266 1
1267 2
1268 1
1269 2
1270 2
1271 1
1272 1
1273 2
1274 1
1275 2
1276 1
1277 2
1278 1
1279 2
1280 1
1281 2
1282 1
1283 2
1284 2
1285 1
1286 1
1287 2
1288 1
1289 2
1290 1
1291 2
1292 1
1293 2
1294 2
1295 2
1296 1
1297 2
1298 1
1299 1
1300 1
1301 1
1302 2
1303 1
1304 2
1305 2
1306 1
1307 1
1308 1
1309 2
1310 2
1311 1
1312 1
1313 2
1314 1
1315 2
1316 1
1317 1
1318 2
1319 2
1320 2
1321 1
1322 1
1323 2
1324 2
1325 1
1326 1
1327 1
1328 2
1329 1
1330 2
1331 1
1332 2
1333 2
1334 1
1335 1
1336 2
1337 2
1338 1
1339 2
1340 1
1341 2
1342 1
1343 1
1344 2
1345 2
1346 1
1347 2
1348 1
1349 1
1350 1
1351 2
1352 1
1353 2
1354 1
1355 2
1356 1
1357 2
1358 1
1359 2
1360 1
1361 1
1362 2
1363 2
1364 2
1365 1
1366 1
1367 1
1368 1
1369 2
1370 1
1371 2
1372 1
1373 2
1374 1
1375 2
1376 2
1377 2
1378 2
1379 1
1380 1
1381 2
1382 1
1383 2
1384 2
1385 2
1386 1
1387 1
1388 1
1389 2
1390 1
1391 2
1392 1
1393 2
1394 1
1395 1
1396 2
1397 1
1398 2
1399 2
1400 2
1401 1
1402 2
1403 1
1404 2
1405 1
1406 2
1407 1
1408 1
1409 1
1410 2
1411 1
1412 2
1413 2
1414 2
1415 2
1416 2
1417 1
1418 1
1419 2
1420 1
1421 1
1422 1
1423 2
1424 1
1425 2
1426 2
1427 2
1428 1
1429 2
1430 2
1431 2
1432 1
1433 1
1434 1
1435 2
1436 1
1437 2
1438 2
1439 1
1440 2
1441 1
1442 2
1443 1
1444 1
1445 2
1446 1
1447 1
1448 2
1449 2
1450 1
1451 2
1452 2
1453 2
1454 2
1455 1
1456 2
1457 1
1458 2
1459 2
1460 1
1461 2
1462 2
1463 1
1464 2
1465 1
1466 2
1467 2
1468 1
1469 2
1470 1
1471 1
1472 2
1473 2
1474 1
1475 2
1476 1
1477 2
1478 1
1479 1
1480 2
1481 1
1482 2
1483 1
1484 1
1485 2
1486 1
1487 1
1488 2
1489 2
1490 1
1491 2
1492 2
1493 2
1494 1
1495 1
1496 2
1497 2
1498 1
1499 1
1500 1
1501 2
1502 1
1503 1
1504 1
1505 1
1506 2
1507 1
1508 1
1509 1
1510 2
1511 2
1512 2
1513 2
1514 2
1515 2
1516 1
1517 1
1518 2
1519 1
1520 1
1521 2
1522 1
1523 1
1524 1
1525 2
1526 1
1527 2
1528 2
1529 1
1530 1
1531 1
1532 1
1533 1
1534 2
1535 2
1536 1
1537 2
1538 2
1539 1
1540 2
1541 2
1542 2
1543 2
1544 1
1545 1
1546 1
1547 2
1548 2
1549 1
1550 2
1551 1
1552 1
1553 2
1554 2
1555 2
1556 1
1557 1
1558 1
1559 2
1560 2
1561 2
1562 2
1563 1
1564 2
1565 1
1566 2
1567 1
1568 1
1569 1
1570 2
1571 2
1572 1
1573 2
1574 2
1575 1
1576 2
1577 1
1578 1
1579 1
1580 1
1581 2
1582 1
1583 2
1584 2
1585 1
1586 2
1587 1
1588 2
1589 1
1590 1
1591 1
1592 2
1593 1
1594 2
1595 2
1596 2
1597 2
1598 1
1599 2
1600 2
1601 1
1602 2
1603 1
1604 2
1605 1
1606 2
1607 1
1608 1
1609 2
1610 2
1611 1
1612 1
1613 2
1614 1
1615 2
1616 1
1617 1
1618 2
1619 1
1620 2
1621 2
1622 1
1623 2
1624 1
1625 1
1626 2
1627 2
1628 1
1629 2
1630 2
1631 1
1632 2
1633 1
1634 2
1635 1
1636 2
1637 2
1638 1
1639 2
1640 1
1641 2
1642 2
1643 1
1644 2
1645 2
1646 1
1647 2
1648 1
1649 1
1650 2
1651 2
1652 1
1653 2
1654 1
1655 1
1656 2
1657 2
1658 2
1659 1
1660 2
1661 1
1662 2
1663 1
1664 1
1665 1
1666 2
1667 2
1668 1
1669 2
1670 1
1671 2
1672 1
1673 2
1674 2
1675 1
1676 1
1677 1
1678 2
1679 2
1680 1
1681 2
1682 1
1683 1
1684 2
1685 2
1686 1
1687 1
1688 1
1689 2
1690 1
1691 2
1692 1
1693 1
1694 2
1695 1
1696 1
1697 1
1698 2
1699 1
1700 2
1701 1
1702 2
1703 2
1704 2
1705 1
1706 1
1707 2
1708 1
1709 2
1710 1
1711 2
1712 2
1713 1
1714 2
1715 2
1716 1
1717 2
1718 2
1719 1
1720 2
1721 1
1722 2
1723 2
1724 1
1725 1
1726 2
1727 2
1728 2
1729 2
1730 1
1731 2
1732 1
1733 2
1734 1
1735 2
1736 1
1737 1
1738 2
1739 2
1740 1
1741 2
1742 1
1743 2
1744 1
1745 2
1746 2
1747 1
1748 1
1749 2
1750 1
1751 2
1752 2
1753 2
1754 1
1755 1
1756 2
1757 1
1758 2
1759 1
1760 1
1761 2
1762 2
1763 1
1764 2
1765 2
1766 1
1767 2
1768 2
1769 1
1770 2
1771 2
1772 2
1773 1
1774 1
1775 1
1776 1
1777 2
1778 2
1779 1
1780 1
1781 2
1782 2
1783 1
1784 1
1785 2
1786 1
1787 2
1788 1
1789 1
1790 1
1791 2
1792 1
1793 1
1794 2
1795 1
1796 1
1797 2
1798 2
1799 1
1800 2
1801 2
1802 1
1803 1
1804 2
1805 1
1806 2
1807 2
1808 2
1809 1
1810 2
1811 1
1812 2
1813 1
1814 2
1815 1
1816 2
1817 2
1818 1
1819 1
1820 1
1821 1
1822 2
1823 2
1824 1
1825 2
1826 1
1827 1
1828 1
1829 2
1830 1
1831 2
1832 1
1833 2
1834 1
1835 2
1836 1
1837 2
1838 2
1839 2
1840 2
1841 1
1842 2
1843 2
1844 2
1845 2
1846 1
1847 1
1848 1
1849 1
1850 2
1851 2
1852 1
1853 1
1854 1
1855 1
1856 1
1857 2
1858 1
1859 2
1860 2
1861 1
1862 1
1863 2
1864 2
1865 1
1866 1
1867 2
1868 1
1869 2
1870 1
1871 2
1872 1
1873 2
1874 2
1875 2
1876 1
1877 2
1878 2
1879 1
1880 1
1881 2
1882 1
1883 2
1884 2
1885 2
1886 2
1887 1
1888 1
1889 2
1890 1
1891 1
1892 2
1893 2
1894 1
1895 1
1896 2
1897 2
1898 1
1899 1
1900 1
1901 1
1902 1
1903 2
1904 2
1905 2
1906 1
1907 2
1908 1
1909 1
1910 2
1911 2
1912 2
1913 1
1914 2
1915 2
1916 2
1917 1
1918 1
1919 1
1920 1
1921 2
1922 2
1923 2
1924 1
1925 2
1926 1
1927 1
1928 2
1929 2
1930 2
1931 1
1932 1
1933 2
1934 1
1935 1
1936 1
1937 1
1938 2
1939 2
1940 2
1941 2
1942 2
1943 1
1944 1
1945 2
1946 1
1947 2
1948 2
1949 2
1950 1
1951 1
1952 1
1953 2
1954 2
1955 2
1956 1
1957 2
1958 1
1959 1
1960 1
1961 1
1962 2
1963 2
1964 1
1965 2
1966 1
1967 1
1968 1
1969 1
1970 2
1971 2
1972 1
1973 2
1974 2
1975 1
1976 2
1977 1
1978 2
1979 2
1980 1
1981 1
1982 2
1983 1
1984 2
1985 1
1986 1
1987 2
1988 1
1989 1
1990 1
1991 2
1992 2
1993 2
1994 1
1995 2
1996 1
1997 1
1998 1
1999 2
2000 1
2001 2
2002 1
2003 2
2004 1
2005 1
2006 1
2007 1
2008 1
2009 2
2010 2
2011 2
2012 2
2013 1
2014 1
2015 1
2016 2
2017 1
2018 1
2019 1
2020 2
2021 2
2022 1
2023 2
2024 1
2025 2
2026 1
2027 2
2028 2
2029 1
2030 2
2031 2
2032 1
2033 1
2034 1
2035 2
2036 1
2037 2
2038 1
2039 1
2040 2
2041 2
2042 1
2043 2
2044 1
2045 2
2046 1
2047 1
2048 1
2049 1
2050 2
2051 2
2052 2
2053 1
2054 2
2055 1
2056 1
2057 2
2058 2
2059 1
2060 1
2061 1
2062 2
2063 2
2064 1
2065 1
2066 2
2067 1
2068 2
2069 1
2070 2
2071 1
2072 2
2073 2
2074 1
2075 2
2076 1
2077 1
2078 2
2079 1
2080 2
2081 2
2082 1
2083 1
2084 2
2085 1
2086 1
2087 1
2088 1
2089 1
2090 2
2091 2
2092 1
2093 2
2094 2
2095 2
2096 1
2097 1
2098 1
2099 2
2100 1
2101 2
2102 2
2103 2
2104 1
2105 2
2106 1
2107 1
2108 2
2109 2
2110 1
2111 1
2112 1
2113 2
2114 1
2115 1
2116 2
2117 1
2118 1
2119 2
2120 1
2121 2
2122 1
2123 2
2124 1
2125 1
2126 1
2127 2
2128 2
2129 2
2130 1
2131 1
2132 2
2133 1
2134 1
2135 2
2136 2
2137 2
2138 2
2139 2
2140 2
2141 1
2142 2
2143 1
2144 1
2145 2
2146 2
2147 2
2148 1
2149 2
2150 2
2151 2
2152 1
2153 2
2154 1
2155 2
2156 2
2157 1
2158 1
2159 2
2160 1
2161 2
2162 2
2163 2
2164 1
2165 1
2166 2
2167 2
2168 1
2169 1
2170 2
2171 2
2172 1
2173 2
2174 2
2175 2
2176 1
2177 1
2178 2
2179 1
2180 1
2181 1
2182 1
2183 1
2184 2
2185 1
2186 1
2187 2
2188 2
2189 1
2190 2
2191 1
2192 2
2193 2
2194 1
2195 1
2196 2
2197 2
2198 1
2199 2
2200 1
2201 2
2202 1
2203 2
2204 1
2205 1
2206 2
2207 2
2208 2
2209 1
2210 1
2211 1
2212 1
2213 1
2214 1
2215 1
2216 2
2217 1
2218 2
2219 2
2220 2
2221 2
2222 2
2223 1
2224 1
2225 1
2226 2
2227 1
2228 1
2229 2
2230 1
2231 2
2232 1
2233 2
2234 2
2235 2
2236 1
2237 1
2238 2
2239 1
2240 2
2241 1
2242 1
2243 1
2244 2
2245 1
2246 2
2247 1
2248 1
2249 2
2250 1
2251 2
2252 2
2253 1
2254 2
2255 2
2256 2
2257 1
2258 2
2259 2
2260 2
2261 1
2262 2
2263 1
2264 2
2265 1
2266 1
2267 1
2268 2
2269 2
2270 1
2271 1
2272 1
2273 1
2274 1
2275 2
2276 2
2277 2
2278 1
2279 2
2280 1
2281 1
2282 1
2283 2
2284 2
2285 2
2286 2
2287 2
2288 1
2289 2
2290 2
2291 1
2292 1
2293 2
2294 1
2295 2
2296 2
2297 1
2298 1
2299 1
2300 2
2301 1
2302 2
2303 1
2304 2
2305 2
2306 1
2307 2
2308 1
2309 2
2310 1
2311 2
2312 1
2313 2
2314 2
2315 1
2316 1
2317 1
2318 2
2319 2
2320 1
2321 1
2322 1
2323 1
2324 1
2325 2
2326 2
2327 1
2328 2
2329 2
2330 2
2331 1
2332 2
2333 1
2334 1
2335 1
2336 2
2337 1
2338 2
2339 2
2340 2
2341 1
2342 2
2343 2
2344 1
2345 2
2346 1
2347 2
2348 2
2349 1
2350 2
2351 1
2352 2
2353 2
2354 1
2355 2
2356 1
2357 1
2358 2
2359 2
2360 1
2361 1
2362 2
2363 1
2364 2
2365 1
2366 2
2367 1
2368 2
2369 1
2370 1
2371 2
2372 2
2373 2
2374 1
2375 1
2376 2
2377 2
2378 1
2379 1
2380 1
2381 2
2382 1
2383 2
2384 1
2385 1
2386 2
2387 2
2388 1
2389 2
2390 1
2391 1
2392 1
2393 2
2394 1
2395 2
2396 2
2397 2
2398 2
2399 1
2400 2
2401 1
2402 1
2403 2
2404 2
2405 2
2406 1
2407 2
2408 1
2409 1
2410 2
2411 1
2412 1
2413 2
2414 1
2415 2
2416 1
2417 1
2418 2
2419 1
2420 2
2421 2
2422 1
2423 2
2424 1
2425 2
2426 1
2427 2
2428 1
2429 2
2430 2
2431 1
2432 1
2433 1
2434 2
2435 2
2436 2
2437 1
2438 2
2439 1
2440 1
2441 1
2442 2
2443 2
2444 1
2445 1
2446 2
2447 1
2448 2
2449 2
2450 1
2451 2
2452 1
2453 2
2454 1
2455 2
2456 2
2457 2
2458 2
2459 1
2460 1
2461 1
2462 2
2463 1
2464 1
2465 1
2466 2
2467 1
2468 2
2469 2
2470 1
2471 1
2472 1
2473 2
2474 2
2475 2
2476 2
2477 1
2478 2
2479 1
2480 1
2481 1
2482 2
2483 1
2484 1
2485 2
2486 1
2487 1
2488 1
2489 2
2490 2
2491 2
2492 2
2493 2
2494 1
2495 2
2496 1
2497 2
2498 1
2499 1
2500 2
2501 2
2502 2
2503 2
2504 1
2505 1
2506 2
2507 2
2508 2
2509 2
2510 1
2511 1
2512 1
2513 2
2514 2
2515 1
2516 1
2517 2
2518 1
2519 2
2520 1
2521 1
2522 1
2523 2
2524 1
2525 2
2526 2
2527 1
2528 2
2529 1
2530 2
2531 1
2532 1
2533 2
2534 2
2535 2
2536 1
2537 2
2538 1
2539 2
2540 2
2541 2
2542 1
2543 2
2544 2
2545 1
2546 1
2547 2
2548 1
2549 2
2550 2
2551 2
2552 2
2553 1
2554 2
2555 2
2556 2
2557 2
2558 1
2559 2
2560 2
2561 2
2562 1
2563 2
2564 1
2565 2
2566 1
2567 1
2568 2
2569 2
2570 1
2571 2
2572 1
2573 1
2574 2
2575 1
2576 2
2577 1
2578 2
2579 2
2580 2
2581 2
2582 1
2583 1
2584 2
2585 1
2586 1
2587 2
2588 1
2589 2
2590 1
2591 1
2592 1
2593 1
2594 1
2595 2
2596 2
2597 1
2598 2
2599 1
2600 2
2601 2
2602 2
2603 2
2604 2
2605 2
2606 1
2607 2
2608 2
2609 1
2610 2
2611 2
2612 1
2613 1
2614 1
2615 2
2616 2
2617 1
2618 2
2619 1
2620 2
2621 1
2622 2
2623 1
2624 1
2625 1
2626 2
2627 2
2628 1
2629 2
2630 1
2631 2
2632 2
2633 2
2634 1
2635 1
2636 2
2637 1
2638 1
2639 2
2640 1
2641 2
2642 2
2643 1
2644 1
2645 1
2646 2
2647 2
2648 2
2649 2
2650 1
2651 2
2652 1
2653 1
2654 1
2655 2
2656 2
2657 1
2658 1
2659 1
2660 2
2661 1
2662 1
2663 1
2664 2
2665 1
2666 1
2667 2
2668 2
2669 1
2670 1
2671 1
2672 2
2673 2
2674 1
2675 1
2676 1
2677 2
2678 2
2679 2
2680 1
2681 1
2682 1
2683 2
2684 1
2685 2
2686 1
2687 1
2688 2
2689 1
2690 1
2691 2
2692 1
2693 2
2694 2
2695 1
2696 1
2697 2
2698 1
2699 2
2700 2
2701 2
2702 2
2703 1
2704 2
2705 2
2706 1
2707 1
2708 1
2709 2
2710 2
2711 2
2712 1
2713 1
2714 2
2715 1
2716 2
2717 1
2718 1
2719 2
2720 1
2721 2
2722 2
2723 1
2724 2
2725 1
2726 2
2727 2
2728 2
2729 1
2730 2
2731 2
2732 2
2733 2
2734 1
2735 1
2736 1
2737 1
2738 2
2739 1
2740 2
2741 1
2742 1
2743 1
2744 2
2745 2
2746 1
2747 1
2748 2
2749 1
2750 1
2751 1
2752 1
2753 2
2754 1
2755 2
2756 1
2757 2
2758 1
2759 2
2760 2
2761 1
2762 2
2763 2
2764 2
2765 1
2766 2
2767 1
2768 2
2769 1
2770 2
2771 1
2772 1
2773 2
2774 2
2775 1
2776 1
2777 2
2778 2
2779 1
2780 1
2781 1
2782 1
2783 2
2784 1
2785 1
2786 2
2787 2
2788 1
2789 2
2790 1
2791 2
2792 1
2793 1
2794 1
2795 2
2796 2
2797 1
2798 2
2799 2
2800 2
2801 2
2802 1
2803 1
2804 2
2805 1
2806 1
2807 2
2808 2
2809 2
2810 1
2811 2
2812 1
2813 2
2814 1
2815 2
2816 1
2817 2
2818 2
2819 2
2820 1
2821 1
2822 1
2823 1
2824 1
2825 2
2826 1
2827 2
2828 2
2829 2
2830 1
2831 2
2832 1
2833 2
2834 1
2835 1
2836 1
2837 2
2838 1
2839 2
2840 2
2841 1
2842 1
2843 2
2844 2
2845 1
2846 1
2847 1
2848 2
2849 1
2850 2
2851 2
2852 2
2853 1
2854 1
2855 2
2856 1
2857 1
2858 1
2859 2
2860 1
2861 2
2862 1
2863 2
2864 1
2865 1
2866 1
2867 1
2868 2
2869 1
2870 2
2871 1
2872 1
2873 2
2874 2
2875 1
2876 2
2877 2
2878 2
2879 2
2880 1
2881 1
2882 1
2883 2
2884 2
2885 1
2886 2
2887 1
2888 2
2889 1
2890 2
2891 2
2892 1
2893 2
2894 2
2895 1
2896 2
2897 1
2898 2
2899 2
2900 2
2901 1
2902 2
2903 2
2904 1
2905 1
2906 1
2907 2
2908 1
2909 2
2910 1
2911 2
2912 2
2913 1
2914 1
2915 2
2916 2
2917 2
2918 2
2919 2
2920 2
2921 1
2922 1
2923 2
2924 2
2925 1
2926 2
2927 2
2928 2
2929 1
2930 2
2931 1
2932 2
2933 2
2934 2
2935 1
2936 1
2937 2
2938 2
2939 2
2940 2
2941 2
2942 1
2943 1
2944 1
2945 2
2946 2
2947 1
2948 2
2949 1
2950 2
2951 1
2952 2
2953 2
2954 2
2955 1
2956 2
2957 1
2958 1
2959 2
2960 2
2961 2
2962 2
2963 2
2964 1
2965 1
2966 2
2967 1
2968 1
2969 1
2970 2
2971 1
2972 1
2973 2
2974 1
2975 1
2976 2
2977 2
2978 2
2979 2
2980 1
2981 2
2982 1
2983 1
2984 1
2985 1
2986 1
2987 2
2988 1
2989 2
2990 2
2991 1
2992 1
2993 1
2994 1
2995 2
2996 1
2997 1
2998 2
2999 2
3000 2
3001 1
3002 2
3003 1
3004 1
3005 2
3006 2
3007 1
3008 2
3009 1
3010 2
3011 2
3012 1
3013 2
3014 2
3015 1
3016 2
3017 2
3018 1
3019 2
3020 1
3021 1
3022 2
3023 1
3024 2
3025 1
3026 2
3027 2
3028 1
3029 1
3030 2
3031 2
3032 2
3033 2
3034 1
3035 1
3036 2
3037 2
3038 1
3039 1
3040 2
3041 1
3042 2
3043 1
3044 2
3045 1
3046 2
3047 1
3048 2
3049 1
3050 2
3051 2
3052 1
3053 1
3054 2
3055 1
3056 2
3057 2
3058 1
3059 2
3060 1
3061 1
3062 1
3063 1
3064 1
3065 2
3066 1
3067 2
3068 1
3069 1
3070 2
3071 2
3072 2
3073 1
3074 1
3075 2
3076 1
3077 2
3078 2
3079 1
3080 2
3081 2
3082 1
3083 2
3084 1
3085 2
3086 2
3087 1
3088 1
3089 1
3090 2
3091 2
3092 1
3093 1
3094 2
3095 2
3096 1
3097 2
3098 1
3099 2
3100 2
3101 1
3102 2
3103 1
3104 2
3105 2
3106 1
3107 2
3108 2
3109 1
3110 1
3111 1
3112 1
3113 1
3114 2
3115 2
3116 1
3117 1
3118 2
3119 2
3120 2
3121 1
3122 2
3123 1
3124 1
3125 1
3126 2
3127 2
3128 1
3129 1
3130 1
3131 2
3132 1
3133 1
3134 1
3135 1
3136 2
3137 1
3138 1
3139 2
3140 1
3141 1
3142 2
3143 1
3144 2
3145 1
3146 2
3147 1
3148 1
3149 1
3150 1
3151 2
3152 2
3153 2
3154 2
3155 1
3156 2
3157 1
3158 2
3159 2
3160 1
3161 2
3162 1
3163 1
3164 2
3165 2
3166 1
3167 1
3168 2
3169 2
3170 1
3171 1
3172 1
3173 1
3174 2
3175 2
3176 1
3177 1
3178 2
3179 2
3180 1
3181 1
3182 1
3183 2
3184 2
3185 1
3186 2
3187 2
3188 2
3189 1
3190 2
3191 1
3192 2
3193 1
3194 2
3195 1
3196 2
3197 2
3198 2
3199 1
3200 1
3201 2
3202 1
3203 2
3204 2
3205 1
3206 2
3207 2
3208 2
3209 1
3210 2
3211 1
3212 1
3213 1
3214 1
3215 1
3216 2
3217 1
3218 2
3219 2
3220 1
3221 1
3222 2
3223 2
3224 2
3225 2
3226 2
3227 1
3228 2
3229 1
3230 2
3231 1
3232 2
3233 1
3234 1
3235 2
3236 2
3237 2
3238 1
3239 1
3240 2
3241 2
3242 1
3243 1
3244 1
3245 1
3246 2
3247 1
3248 2
3249 2
3250 2
3251 2
3252 2
3253 1
3254 1
3255 1
3256 1
3257 2
3258 2
3259 1
3260 2
3261 1
3262 2
3263 1
3264 1
3265 1
3266 2
3267 2
3268 1
3269 1
3270 1
3271 1
3272 1
3273 2
3274 1
3275 2
3276 1
3277 1
3278 1
3279 2
3280 2
3281 2
3282 1
3283 2
3284 1
3285 1
3286 1
3287 2
3288 2
3289 2
3290 1
3291 2
3292 1
3293 2
3294 2
3295 1
3296 1
3297 2
3298 1
3299 2
3300 1
3301 1
3302 2
3303 1
3304 1
3305 1
3306 1
3307 1
3308 2
3309 2
3310 2
3311 1
3312 1
3313 2
3314 2
3315 1
3316 1
3317 1
3318 2
3319 1
3320 2
3321 2
3322 1
3323 1
3324 2
3325 1
3326 2
3327 1
3328 1
3329 2
3330 1
3331 2
3332 2
3333 2
3334 1
3335 1
3336 2
3337 1
3338 2
3339 2
3340 2
3341 2
3342 2
3343 1
3344 1
3345 1
3346 1
3347 1
3348 2
3349 1
3350 2
3351 2
3352 1
3353 2
3354 1
3355 2
3356 1
3357 1
3358 1
3359 2
3360 1
3361 1
3362 2
3363 1
3364 2
3365 1
3366 1
3367 2
3368 1
3369 2
3370 2
3371 1
3372 2
3373 2
3374 2
3375 2
3376 1
3377 1
3378 1
3379 2
3380 1
3381 2
3382 1
3383 2
3384 1
3385 2
3386 2
3387 1
3388 2
3389 1
3390 2
3391 1
3392 2
3393 1
3394 2
3395 1
3396 2
3397 1
3398 1
3399 2
3400 2
3401 2
3402 1
3403 2
3404 2
3405 1
3406 1
3407 2
3408 1
3409 1
3410 2
3411 1
3412 2
3413 1
3414 1
3415 2
3416 2
3417 1
3418 2
3419 2
3420 2
3421 2
3422 1
3423 2
3424 1
3425 2
3426 1
3427 2
3428 1
3429 1
3430 2
3431 1
3432 2
3433 2
3434 2
3435 2
3436 1
3437 2
3438 2
3439 1
3440 2
3441 2
3442 1
3443 1
3444 1
3445 2
3446 2
3447 1
3448 2
3449 1
3450 2
3451 1
3452 2
3453 2
3454 1
3455 1
3456 2
3457 1
3458 2
3459 1
3460 1
3461 2
3462 2
3463 1
3464 2
3465 2
3466 2
3467 1
3468 2
3469 1
3470 1
3471 1
3472 2
3473 2
3474 1
3475 1
3476 2
3477 1
3478 2
3479 1
3480 2
3481 2
3482 2
3483 1
3484 1
3485 1
3486 1
3487 1
3488 1
3489 2
3490 2
3491 1
3492 2
3493 2
3494 1
3495 1
3496 2
3497 2
3498 1
3499 2
3500 2
3501 1
3502 2
3503 2
3504 1
3505 1
3506 2
3507 2
3508 1
3509 1
3510 2
3511 1
3512 1
3513 2
3514 1
3515 2
3516 2
3517 1
3518 2
3519 1
3520 2
3521 1
3522 1
3523 2
3524 1
3525 1
3526 2
3527 1
3528 1
3529 2
3530 2
3531 1
3532 2
3533 2
3534 1
3535 1
3536 2
3537 2
3538 2
3539 1
3540 2
3541 2
3542 1
3543 1
3544 2
3545 2
3546 1
3547 2
3548 1
3549 2
3550 2
3551 2
3552 2
3553 1
3554 2
3555 2
3556 1
3557 2
3558 1
3559 2
3560 1
3561 1
3562 1
3563 2
3564 1
3565 1
3566 2
3567 2
3568 2
3569 1
3570 1
3571 2
3572 1
3573 2
3574 2
3575 2
3576 1
3577 1
3578 1
3579 2
3580 1
3581 1
3582 2
3583 1
3584 2
3585 1
3586 1
3587 2
3588 2
3589 1
3590 2
3591 1
3592 2
3593 2
3594 1
3595 2
3596 2
3597 1
3598 2
3599 1
3600 1
3601 2
3602 1
3603 2
3604 2
3605 1
3606 2
3607 2
3608 1
3609 1
3610 2
3611 1
3612 1
3613 2
3614 1
3615 1
3616 2
3617 1
3618 2
3619 2
3620 2
3621 2
3622 1
3623 2
3624 1
3625 2
3626 2
3627 2
3628 1
3629 1
3630 2
3631 2
3632 2
3633 1
3634 1
3635 2
3636 1
3637 1
3638 1
3639 2
3640 2
3641 1
3642 1
3643 1
3644 2
3645 1
3646 2
3647 1
3648 1
3649 1
3650 2
3651 1
3652 1
3653 1
3654 2
3655 1
3656 2
3657 1
3658 2
3659 2
3660 1
3661 1
3662 1
3663 2
3664 1
3665 2
3666 1
3667 2
3668 2
3669 1
3670 2
3671 1
3672 2
3673 2
3674 1
3675 1
3676 2
3677 2
3678 1
3679 2
3680 2
3681 2
3682 1
3683 1
3684 2
3685 2
3686 1
3687 2
3688 1
3689 1
3690 1
3691 1
3692 1
3693 2
3694 2
3695 1
3696 1
3697 2
3698 2
3699 2
3700 2
3701 1
3702 2
3703 2
3704 2
3705 1
3706 1
3707 2
3708 2
3709 1
3710 2
3711 1
3712 2
3713 1
3714 2
3715 2
3716 1
3717 1
3718 2
3719 1
3720 2
3721 1
3722 2
3723 2
3724 2
3725 1
3726 2
3727 2
3728 1
3729 2
3730 2
3731 1
3732 1
3733 1
3734 2
3735 2
3736 1
3737 1
3738 2
3739 2
3740 1
3741 1
3742 2
3743 1
3744 2
3745 2
3746 2
3747 2
3748 1
3749 2
3750 2
3751 2
3752 2
3753 1
3754 1
3755 1
3756 1
3757 2
3758 2
3759 1
3760 2
3761 1
3762 1
3763 1
3764 2
3765 2
3766 1
3767 2
3768 2
3769 2
3770 1
3771 1
3772 1
3773 2
3774 1
3775 2
3776 1
3777 1
3778 1
3779 2
3780 1
3781 1
3782 1
3783 2
3784 1
3785 2
3786 2
3787 1
3788 2
3789 2
3790 1
3791 2
3792 2
3793 1
3794 1
3795 1
3796 2
3797 1
3798 2
3799 2
3800 2
3801 2
3802 1
3803 2
3804 1
3805 1
3806 2
3807 2
3808 1
3809 1
3810 1
3811 1
3812 2
3813 2
3814 1
3815 1
3816 1
3817 2
3818 2
3819 2
3820 2
3821 1
3822 1
3823 2
3824 2
3825 1
3826 2
3827 1
3828 2
3829 1
3830 1
3831 1
3832 1
3833 2
3834 1
3835 2
3836 1
3837 2
3838 2
3839 1
3840 2
3841 1
3842 2
3843 2
3844 1
3845 1
3846 1
3847 2
3848 2
3849 2
3850 1
3851 2
3852 2
3853 1
3854 1
3855 1
3856 2
3857 1
3858 2
3859 1
3860 2
3861 2
3862 1
3863 1
3864 1
3865 2
3866 1
3867 2
3868 2
3869 1
3870 2
3871 1
3872 2
3873 1
3874 1
3875 2
3876 1
3877 2
3878 1
3879 1
3880 2
3881 2
3882 1
3883 2
3884 1
3885 1
3886 2
3887 2
3888 2
3889 2
3890 1
3891 1
3892 1
3893 2
3894 1
3895 1
3896 2
3897 2
3898 2
3899 2
3900 1
3901 1
3902 2
3903 1
3904 2
3905 2
3906 2
3907 1
3908 2
3909 1
3910 1
3911 2
3912 2
3913 1
3914 1
3915 1
3916 2
3917 2
3918 1
3919 1
3920 2
3921 1
3922 1
3923 1
3924 1
3925 2
3926 2
3927 1
3928 1
3929 2
3930 1
3931 2
3932 1
3933 2
3934 1
3935 1
3936 2
3937 1
3938 1
3939 2
3940 1
3941 2
3942 1
3943 2
3944 2
3945 1
3946 2
3947 1
3948 2
3949 2
3950 1
3951 2
3952 1
3953 2
3954 1
3955 1
3956 2
3957 1
3958 1
3959 2
3960 2
3961 2
3962 1
3963 1
3964 1
3965 2
3966 1
3967 1
3968 2
3969 1
3970 1
3971 2
3972 2
3973 2
3974 1
3975 2
3976 1
3977 1
3978 1
3979 2
3980 1
3981 1
3982 2
3983 1
3984 2
3985 2
3986 1
3987 2
3988 2
3989 1
3990 1
3991 2
3992 1
3993 1
3994 1
3995 1
3996 2
3997 1
3998 2
3999 2
4000 1
4001 1
4002 2
4003 2
4004 1
4005 2
4006 1
4007 2
4008 1
4009 2
4010 1
4011 1
4012 1
4013 2
4014 1
4015 2
4016 1
4017 2
4018 1
4019 2
4020 1
4021 1
4022 2
4023 1
4024 1
4025 1
4026 1
4027 2
4028 1
4029 2
4030 2
4031 2
4032 1
4033 2
4034 2
4035 2
4036 2
4037 1
4038 2
4039 2
4040 1
4041 1
4042 1
4043 2
4044 1
4045 2
4046 2
4047 1
4048 2
4049 2
4050 1
4051 1
4052 2
4053 1
4054 2
4055 1
4056 2
4057 2
4058 1
4059 2
4060 2
4061 1
4062 2
4063 2
4064 1
4065 1
4066 2
4067 2
4068 1
4069 1
4070 2
4071 2
4072 1
4073 2
4074 1
4075 1
4076 2
4077 2
4078 1
4079 2
4080 1
4081 2
4082 2
4083 1
4084 2
4085 1
4086 1
4087 2
4088 1
4089 1
4090 1
4091 1
4092 1
4093 1
4094 2
4095 2
4096 2
4097 2
4098 2
4099 1
4100 2
4101 1
4102 2
4103 1
4104 1
4105 1
4106 1
4107 2
4108 1
4109 2
4110 2
4111 1
4112 2
4113 1
4114 2
4115 1
4116 1
4117 2
4118 2
4119 2
4120 1
4121 1
4122 1
4123 2
4124 1
4125 1
4126 2
4127 1
4128 2
4129 1
4130 2
4131 1
4132 2
4133 2
4134 1
4135 2
4136 2
4137 1
4138 1
4139 2
4140 2
4141 2
4142 1
4143 2
4144 1
4145 2
4146 1
4147 2
4148 1
4149 1
4150 2
4151 1
4152 2
4153 1
4154 2
4155 1
4156 2
4157 2
4158 1
4159 2
4160 1
4161 2
4162 2
4163 2
4164 2
4165 1
4166 1
4167 2
4168 1
4169 2
4170 1
4171 2
4172 1
4173 1
4174 1
4175 2
4176 1
4177 1
4178 2
4179 2
4180 1
4181 2
4182 2
4183 1
4184 2
4185 2
4186 1
4187 2
4188 1
4189 1
4190 2
4191 2
4192 2
4193 1
4194 1
4195 2
4196 1
4197 2
4198 1
4199 2
4200 2
4201 1
4202 2
4203 2
4204 1
4205 2
4206 2
4207 2
4208 1
4209 1
4210 1
4211 1
4212 1
4213 1
4214 1
4215 2
4216 1
4217 2
4218 1
4219 2
4220 2
4221 1
4222 1
4223 2
4224 1
4225 1
4226 1
4227 2
4228 2
4229 2
4230 2
4231 2
4232 2
4233 1
4234 1
4235 2
4236 1
4237 1
4238 2
4239 1
4240 2
4241 1
4242 1
4243 1
4244 2
4245 2
4246 2
4247 1
4248 1
4249 2
4250 1
4251 1
4252 2
4253 2
4254 2
4255 1
4256 1
4257 1
4258 1
4259 2
4260 1
4261 1
4262 2
4263 1
4264 2
4265 2
4266 2
4267 1
4268 2
4269 1
4270 2
4271 1
4272 1
4273 1
4274 2
4275 2
4276 2
4277 2
4278 1
4279 2
4280 1
4281 1
4282 2
4283 1
4284 1
4285 1
4286 1
4287 1
4288 2
4289 2
4290 2
4291 1
4292 1
4293 1
4294 1
4295 2
4296 1
4297 2
4298 2
4299 1
4300 2
4301 1
4302 2
4303 1
4304 2
4305 1
4306 1
4307 1
4308 2
4309 1
4310 2
4311 2
4312 2
4313 1
4314 2
4315 1
4316 1
4317 2
4318 1
4319 2
4320 1
4321 1
4322 1
4323 1
4324 1
4325 2
4326 1
4327 2
4328 2
4329 2
4330 2
4331 1
4332 2
4333 2
4334 1
4335 1
4336 2
4337 1
4338 1
4339 1
4340 2
4341 2
4342 2
4343 1
4344 1
4345 2
4346 2
4347 2
4348 1
4349 2
4350 2
4351 2
4352 1
4353 1
4354 2
4355 2
4356 1
4357 1
4358 2
4359 1
4360 2
4361 2
4362 2
4363 1
4364 2
4365 1
4366 2
4367 1
4368 2
4369 2
4370 2
4371 1
4372 2
4373 2
4374 2
4375 1
4376 1
4377 2
4378 1
4379 1
4380 2
4381 2
4382 1
4383 2
4384 1
4385 1
4386 1
4387 2
4388 1
4389 2
4390 2
4391 1
4392 2
4393 1
4394 2
4395 1
4396 2
4397 1
4398 1
4399 2
4400 1
4401 2
4402 2
4403 2
4404 2
4405 1
4406 1
4407 1
4408 2
4409 1
4410 1
4411 1
4412 2
4413 2
4414 2
4415 1
4416 2
4417 2
4418 2
4419 2
4420 1
4421 2
4422 2
4423 1
4424 2
4425 1
4426 1
4427 1
4428 2
4429 1
4430 1
4431 1
4432 1
4433 1
4434 2
4435 1
4436 1
4437 2
4438 2
4439 1
4440 1
4441 2
4442 1
4443 2
4444 2
4445 1
4446 2
4447 1
4448 2
4449 2
4450 2
4451 2
4452 1
4453 1
4454 1
4455 2
4456 2
4457 1
4458 1
4459 1
4460 2
4461 2
4462 2
4463 1
4464 2
4465 1
4466 1
4467 2
4468 1
4469 2
4470 2
4471 1
4472 2
4473 2
4474 1
4475 1
4476 2
4477 2
4478 1
4479 2
4480 1
4481 1
4482 1
4483 2
4484 2
4485 1
4486 2
4487 2
4488 1
4489 1
4490 2
4491 1
4492 1
4493 1
4494 2
4495 1
4496 2
4497 2
4498 2
4499 2
4500 1
4501 1
4502 2
4503 1
4504 2
4505 1
4506 2
4507 2
4508 1
4509 1
4510 1
4511 1
4512 1
4513 2
4514 1
4515 1
4516 2
4517 2
4518 1
4519 2
4520 2
4521 1
4522 2
4523 2
4524 2
4525 1
4526 2
4527 1
4528 2
4529 1
4530 2
4531 2
4532 2
4533 2
4534 2
4535 2
4536 2
4537 1
4538 1
4539 2
4540 1
4541 1
4542 1
4543 2
4544 1
4545 2
4546 1
4547 1
4548 2
4549 1
4550 2
4551 1
4552 2
4553 1
4554 1
4555 2
4556 1
4557 1
4558 1
4559 2
4560 1
4561 2
4562 1
4563 2
4564 1
4565 2
4566 1
4567 2
4568 1
4569 2
4570 1
4571 2
4572 1
4573 2
4574 1
4575 1
4576 2
4577 1
4578 2
4579 2
4580 1
4581 2
4582 2
4583 1
4584 1
4585 1
4586 1
4587 1
4588 2
4589 1
4590 1
4591 2
4592 1
4593 2
4594 2
4595 1
4596 2
4597 2
4598 1
4599 2
4600 2
4601 1
4602 2
4603 1
4604 2
4605 1
4606 1
4607 2
4608 1
4609 2
4610 2
4611 1
4612 1
4613 2
4614 2
4615 1
4616 2
4617 1
4618 1
4619 2
4620 1
4621 2
4622 2
4623 1
4624 1
4625 2
4626 2
4627 2
4628 2
4629 1
4630 2
4631 2
4632 2
4633 1
4634 2
4635 1
4636 1
4637 2
4638 1
4639 2
4640 1
4641 1
4642 2
4643 2
4644 1
4645 2
4646 2
4647 1
4648 2
4649 2
4650 2
4651 2
4652 2
4653 1
4654 2
4655 2
4656 1
4657 1
4658 2
4659 1
4660 2
4661 1
4662 2
4663 2
4664 1
4665 1
4666 2
4667 1
4668 2
4669 2
4670 1
4671 1
4672 2
4673 1
4674 1
4675 2
4676 1
4677 1
4678 2
4679 1
4680 2
4681 2
4682 2
4683 1
4684 1
4685 2
4686 2
4687 1
4688 2
4689 2
4690 1
4691 2
4692 2
4693 2
4694 1
4695 1
4696 2
4697 2
4698 1
4699 2
4700 1
4701 2
4702 1
4703 2
4704 1
4705 2
4706 1
4707 1
4708 2
4709 2
4710 1
4711 2
4712 1
4713 1
4714 1
4715 1
4716 2
4717 2
4718 2
4719 1
4720 2
4721 1
4722 1
4723 2
4724 2
4725 2
4726 1
4727 2
4728 1
4729 1
4730 2
4731 2
4732 1
4733 1
4734 2
4735 1
4736 1
4737 2
4738 2
4739 1
4740 1
4741 1
4742 2
4743 2
4744 1
4745 2
4746 1
4747 2
4748 2
4749 1
4750 1
4751 2
4752 2
4753 2
4754 2
4755 1
4756 1
4757 2
4758 2
4759 2
4760 1
4761 2
4762 1
4763 1
4764 2
4765 1
4766 2
4767 2
4768 2
4769 1
4770 1
4771 2
4772 2
4773 1
4774 1
4775 1
4776 1
4777 2
4778 1
4779 2
4780 2
4781 1
4782 2
4783 1
4784 1
4785 2
4786 1
4787 1
4788 2
4789 2
4790 1
4791 1
4792 2
4793 2
4794 1
4795 1
4796 1
4797 1
4798 2
4799 1
4800 1
4801 2
4802 2
4803 1
4804 1
4805 1
4806 2
4807 1
4808 2
4809 2
4810 1
4811 2
4812 1
4813 1
4814 2
4815 1
4816 2
4817 2
4818 1
4819 1
4820 2
4821 2
4822 1
4823 2
4824 1
4825 1
4826 2
4827 2
4828 1
4829 2
4830 1
4831 2
4832 2
4833 2
4834 1
4835 1
4836 2
4837 2
4838 1
4839 2
4840 1
4841 2
4842 1
4843 1
4844 2
4845 2
4846 2
4847 2
4848 1
4849 1
4850 1
4851 2
4852 1
4853 1
4854 2
4855 2
4856 1
4857 2
4858 2
4859 2
4860 1
4861 2
4862 2
4863 1
4864 1
4865 2
4866 1
4867 1
4868 2
4869 2
4870 1
4871 2
4872 1
4873 1
4874 2
4875 1
4876 1
4877 2
4878 2
4879 2
4880 1
4881 2
4882 2
4883 1
4884 2
4885 2
4886 2
4887 1
4888 1
4889 2
4890 1
4891 1
4892 2
4893 2
4894 1
4895 1
4896 2
4897 2
4898 2
4899 1
4900 1
4901 1
4902 2
4903 1
4904 1
4905 1
4906 2
4907 1
4908 2
4909 1
4910 1
4911 2
4912 1
4913 2
4914 1
4915 2
4916 2
4917 1
4918 2
4919 1
4920 2
4921 1
4922 2
4923 1
4924 2
4925 1
4926 1
4927 1
4928 2
4929 1
4930 2
4931 2
4932 2
4933 1
4934 1
4935 1
4936 2
4937 1
4938 1
4939 2
4940 2
4941 1
4942 2
4943 2
4944 2
4945 1
4946 2
4947 2
4948 2
4949 2
4950 1
4951 1
4952 1
4953 1
4954 1
4955 2
4956 1
4957 2
4958 1
4959 1
4960 2
4961 1
4962 1
4963 2
4964 2
4965 2
4966 1
4967 1
4968 1
4969 2
4970 2
4971 2
4972 1
4973 1
4974 2
4975 2
4976 2
4977 2
4978 1
4979 2
4980 1
4981 2
4982 2
4983 2
4984 1
4985 2
4986 2
4987 1
4988 1
4989 2
4990 2
4991 1
4992 2
4993 2
4994 2
4995 1
4996 2
4997 1
4998 1
4999 2
5000 2
5001 1
5002 2
5003 2
5004 1
5005 1
5006 1
5007 2
5008 1
5009 2
5010 1
5011 1
5012 1
5013 2
5014 2
5015 2
5016 1
5017 1
5018 1
5019 2
5020 1
5021 2
5022 1
5023 1
5024 2
5025 1
5026 2
5027 1
5028 1
5029 1
5030 1
5031 2
5032 2
5033 1
5034 2
5035 1
5036 1
5037 1
5038 2
5039 2
5040 1
5041 2
5042 2
5043 1
5044 1
5045 1
5046 2
5047 2
5048 1
5049 2
5050 1
5051 2
5052 2
5053 2
5054 1
5055 1
5056 2
5057 2
5058 1
5059 1
5060 2
5061 2
5062 2
5063 1
5064 2
5065 1
5066 1
5067 2
5068 2
5069 1
5070 1
5071 1
5072 2
5073 1
5074 2
5075 1
5076 2
5077 1
5078 1
5079 1
5080 2
5081 2
5082 1
5083 2
5084 1
5085 2
5086 2
5087 2
5088 2
5089 1
5090 1
5091 2
5092 1
5093 2
5094 1
5095 1
5096 2
5097 1
5098 1
5099 1
5100 1
5101 2
5102 1
5103 1
5104 2
5105 1
5106 2
5107 2
5108 1
5109 1
5110 2
5111 1
5112 2
5113 1
5114 1
5115 1
5116 2
5117 2
5118 1
5119 1
5120 2
5121 2
5122 2
5123 1
5124 2
5125 1
5126 1
5127 2
5128 1
5129 2
5130 1
5131 2
5132 1
5133 1
5134 2
5135 1
5136 2
5137 1
5138 2
5139 1
5140 2
5141 1
5142 2
5143 2
5144 1
5145 2
5146 1
5147 2
5148 2
5149 1
5150 2
5151 2
5152 2
5153 2
5154 2
5155 1
5156 1
5157 2
5158 2
5159 1
5160 2
5161 1
5162 2
5163 1
5164 2
5165 1
5166 2
5167 1
5168 1
5169 2
5170 1
5171 1
5172 2
5173 2
5174 2
5175 2
5176 2
5177 2
5178 1
5179 1
5180 1
5181 2
5182 1
5183 1
5184 2
5185 2
5186 1
5187 1
5188 1
5189 2
5190 1
5191 1
5192 2
5193 1
5194 2
5195 1
5196 1
5197 1
5198 2
5199 2
5200 2
5201 1
5202 1
5203 2
5204 2
5205 1
5206 1
5207 1
5208 2
5209 1
5210 2
5211 2
5212 2
5213 1
5214 2
5215 1
5216 1
5217 2
5218 2
5219 2
5220 1
5221 1
5222 2
5223 1
5224 1
5225 1
5226 2
5227 2
5228 1
5229 2
5230 1
5231 2
5232 1
5233 2
5234 1
5235 1
5236 1
5237 1
5238 2
5239 1
5240 2
5241 1
5242 1
5243 2
5244 1
5245 2
5246 2
5247 1
5248 2
5249 1
5250 2
5251 2
5252 1
5253 2
5254 1
5255 1
5256 2
5257 2
5258 2
5259 2
5260 1
5261 1
5262 2
5263 2
5264 1
5265 2
5266 2
5267 2
5268 2
5269 1
5270 1
5271 2
5272 1
5273 1
5274 2
5275 2
5276 2
5277 2
5278 1
5279 2
5280 2
5281 2
5282 1
5283 1
5284 1
5285 1
5286 2
5287 2
5288 1
5289 1
5290 2
5291 1
5292 2
5293 2
5294 1
5295 2
5296 2
5297 1
5298 1
5299 2
5300 2
5301 1
5302 2
5303 1
5304 2
5305 1
5306 1
5307 2
5308 1
5309 2
5310 2
5311 1
5312 1
5313 2
5314 2
5315 1
5316 2
5317 1
5318 2
5319 1
5320 1
5321 1
5322 1
5323 1
5324 1
5325 2
5326 1
5327 1
5328 2
5329 2
5330 2
5331 1
5332 1
5333 2
5334 1
5335 2
5336 1
5337 1
5338 1
5339 2
5340 1
5341 1
5342 2
5343 2
5344 1
5345 2
5346 1
5347 2
5348 2
5349 1
5350 2
5351 1
5352 1
5353 2
5354 1
5355 2
5356 2
5357 1
5358 2
5359 1
5360 1
5361 2
5362 2
5363 2
5364 2
5365 1
5366 2
5367 1
5368 1
5369 2
5370 1
5371 2
5372 1
5373 1
5374 2
5375 1
5376 2
5377 2
5378 2
5379 2
5380 2
5381 1
5382 2
5383 2
5384 2
5385 1
5386 2
5387 2
5388 1
5389 1
5390 1
5391 2
5392 1
5393 2
5394 1
5395 1
5396 2
5397 2
5398 2
5399 1
5400 2
5401 2
5402 1
5403 1
5404 1
5405 2
5406 2
5407 1
5408 1
5409 2
5410 1
5411 1
5412 2
5413 2
5414 1
5415 2
5416 1
5417 2
5418 1
5419 1
5420 2
5421 2
5422 2
5423 1
5424 1
5425 2
5426 1
5427 2
5428 1
5429 2
5430 2
5431 1
5432 1
5433 2
5434 1
5435 2
5436 1
5437 1
5438 2
5439 1
5440 2
5441 1
5442 1
5443 1
5444 2
5445 1
5446 1
5447 2
5448 1
5449 1
5450 2
5451 2
5452 1
5453 1
5454 2
5455 1
5456 2
5457 1
5458 1
5459 2
5460 1
5461 2
5462 2
5463 1
5464 1
5465 1
5466 1
5467 2
5468 2
5469 1
5470 2
5471 2
5472 2
5473 2
5474 2
5475 1
5476 1
5477 2
5478 1
5479 2
5480 2
5481 1
5482 2
5483 2
5484 2
5485 2
5486 1
5487 2
5488 1
5489 1
5490 2
5491 2
5492 1
5493 1
5494 1
5495 2
5496 2
5497 2
5498 1
5499 2
5500 2
5501 1
5502 2
5503 1
5504 1
5505 1
5506 2
5507 2
5508 1
5509 2
5510 1
5511 1
5512 1
5513 1
5514 1
5515 2
5516 1
5517 1
5518 1
5519 2
5520 2
5521 1
5522 2
5523 2
5524 2
5525 1
5526 2
5527 1
5528 2
5529 1
5530 1
5531 2
5532 2
5533 2
5534 1
5535 1
5536 2
5537 2
5538 1
5539 2
5540 2
5541 2
5542 1
5543 1
5544 2
5545 1
5546 2
5547 1
5548 2
5549 2
5550 1
5551 1
5552 1
5553 2
5554 1
5555 2
5556 1
5557 1
5558 2
5559 2
5560 2
5561 1
5562 2
5563 1
5564 1
5565 1
5566 1
5567 2
5568 1
5569 1
5570 1
5571 2
5572 2
5573 2
5574 1
5575 1
5576 1
5577 2
5578 2
5579 2
5580 1
5581 2
5582 1
5583 2
5584 1
5585 2
5586 1
5587 2
5588 1
5589 1
5590 2
5591 2
5592 1
5593 1
5594 2
5595 1
5596 1
5597 2
5598 2
5599 2
5600 2
5601 2
5602 1
5603 2
5604 1
5605 2
5606 1
5607 1
5608 1
5609 1
5610 2
5611 1
5612 2
5613 1
5614 1
5615 2
5616 1
5617 2
5618 2
5619 1
5620 2
5621 1
5622 2
5623 1
5624 2
5625 1
5626 1
5627 1
5628 2
5629 1
5630 2
5631 2
5632 2
5633 1
5634 2
5635 2
5636 2
5637 2
5638 1
5639 2
5640 1
5641 1
5642 2
5643 1
5644 2
5645 1
5646 1
5647 2
5648 1
5649 2
5650 2
5651 1
5652 2
5653 2
5654 1
5655 1
5656 2
5657 2
5658 2
5659 2
5660 2
5661 2
5662 1
5663 1
5664 2
5665 1
5666 2
5667 2
5668 1
5669 1
5670 1
5671 2
5672 2
5673 1
5674 2
5675 1
5676 1
5677 1
5678 2
5679 1
5680 2
5681 2
5682 1
5683 2
5684 2
5685 2
5686 2
5687 1
5688 1
5689 2
5690 2
5691 2
5692 2
5693 1
5694 1
5695 2
5696 1
5697 1
5698 1
5699 2
5700 1
5701 1
5702 2
5703 1
5704 2
5705 1
5706 2
5707 1
5708 2
5709 1
5710 1
5711 1
5712 2
5713 1
5714 2
5715 1
5716 1
5717 2
5718 1
5719 2
5720 1
5721 1
5722 1
5723 2
5724 1
5725 1
5726 2
5727 1
5728 2
5729 2
5730 1
5731 1
5732 2
5733 1
5734 2
5735 1
5736 2
5737 1
5738 2
5739 2
5740 1
5741 1
5742 1
5743 2
5744 1
5745 2
5746 1
5747 2
5748 2
5749 1
5750 2
5751 1
5752 1
5753 1
5754 2
5755 1
5756 1
5757 1
5758 2
5759 2
5760 1
5761 2
5762 1
5763 1
5764 2
5765 1
5766 2
5767 2
5768 1
5769 2
5770 2
5771 1
5772 2
5773 1
5774 1
5775 1
5776 2
5777 2
5778 2
5779 1
5780 1
5781 2
5782 2
5783 1
5784 2
5785 2
5786 2
5787 1
5788 2
5789 2
5790 1
5791 2
5792 2
5793 2
5794 1
5795 2
5796 2
5797 1
5798 2
5799 2
5800 2
5801 1
5802 2
5803 2
5804 1
5805 1
5806 2
5807 1
5808 2
5809 1
5810 1
5811 2
5812 1
5813 2
5814 1
5815 2
5816 1
5817 1
5818 1
5819 2
5820 2
5821 1
5822 2
5823 1
5824 1
5825 2
5826 1
5827 1
5828 2
5829 2
5830 1
5831 2
5832 1
5833 1
5834 2
5835 2
5836 1
5837 1
5838 2
5839 1
5840 2
5841 1
5842 1
5843 2
5844 1
5845 1
5846 2
5847 2
5848 1
5849 2
5850 2
5851 1
5852 2
5853 1
5854 1
5855 2
5856 1
5857 2
5858 2
5859 1
5860 2
5861 1
5862 1
5863 1
5864 2
5865 2
5866 1
5867 2
5868 2
5869 1
5870 2
5871 1
5872 2
5873 1
5874 2
5875 1
5876 2
5877 2
5878 2
5879 1
5880 2
5881 2
5882 2
5883 1
5884 2
5885 1
5886 1
5887 1
5888 2
5889 1
5890 2
5891 1
5892 1
5893 2
5894 2
5895 1
5896 2
5897 2
5898 2
5899 1
5900 1
5901 1
5902 2
5903 1
5904 2
5905 1
5906 2
5907 1
5908 2
5909 1
5910 2
5911 2
5912 1
5913 2
5914 1
5915 1
5916 2
5917 2
5918 1
5919 2
5920 1
5921 1
5922 2
5923 2
5924 1
5925 1
5926 1
5927 1
5928 1
5929 1
5930 2
5931 1
5932 2
5933 2
5934 1
5935 2
5936 2
5937 1
5938 1
5939 1
5940 1
5941 2
5942 2
5943 1
5944 2
5945 2
5946 1
5947 2
5948 1
5949 1
5950 2
5951 1
5952 2
5953 2
5954 1
5955 2
5956 1
5957 2
5958 2
5959 1
5960 2
5961 2
5962 2
5963 2
5964 2
5965 1
5966 2
5967 1
5968 1
5969 2
5970 1
5971 2
5972 2
5973 1
5974 1
5975 2
5976 1
5977 1
5978 1
5979 2
5980 2
5981 1
5982 2
5983 1
5984 2
5985 1
5986 2
5987 1
5988 2
5989 1
5990 1
5991 1
5992 2
5993 1
5994 2
5995 1
5996 2
5997 1
5998 2
5999 2
6000 1
6001 2
6002 1
6003 2
6004 2
6005 2
6006 1
6007 2
6008 1
6009 2
6010 1
6011 2
6012 2
6013 1
6014 2
6015 1
6016 1
6017 1
6018 2
6019 1
6020 1
6021 2
6022 2
6023 1
6024 1
6025 1
6026 2
6027 2
6028 1
6029 2
6030 1
6031 2
6032 2
6033 1
6034 2
6035 2
6036 1
6037 2
6038 2
6039 1
6040 2
6041 2
6042 2
6043 1
6044 1
6045 1
6046 1
6047 1
6048 1
6049 2
6050 1
6051 2
6052 1
6053 2
6054 2
6055 1
6056 2
6057 2
6058 1
6059 2
6060 2
6061 1
6062 2
6063 2
6064 2
6065 2
6066 1
6067 2
6068 1
6069 2
6070 1
6071 1
6072 1
6073 2
6074 2
6075 2
6076 1
6077 2
6078 1
6079 1
6080 2
6081 2
6082 1
6083 1
6084 1
6085 2
6086 2
6087 1
6088 1
6089 1
6090 2
6091 1
6092 2
6093 1
6094 2
6095 1
6096 2
6097 2
6098 1
6099 1
6100 2
6101 2
6102 2
6103 2
6104 2
6105 1
6106 1
6107 1
6108 2
6109 2
6110 2
6111 1
6112 1
6113 2
6114 1
6115 2
6116 1
6117 1
6118 2
6119 1
6120 2
6121 1
6122 1
6123 2
6124 1
6125 2
6126 1
6127 2
6128 2
6129 1
6130 1
6131 2
6132 1
6133 2
6134 2
6135 1
6136 2
6137 1
6138 1
6139 2
6140 1
6141 2
6142 1
6143 1
6144 2
6145 1
6146 2
6147 2
6148 1
6149 2
6150 2
6151 1
6152 1
6153 2
6154 1
6155 2
6156 1
6157 1
6158 2
6159 1
6160 2
6161 2
6162 2
6163 1
6164 2
6165 1
6166 2
6167 1
6168 1
6169 2
6170 1
6171 1
6172 2
6173 1
6174 1
6175 2
6176 1
6177 2
6178 2
6179 1
6180 1
6181 2
6182 2
6183 1
6184 1
6185 2
6186 2
6187 1
6188 2
6189 1
6190 1
6191 2
6192 2
6193 2
6194 1
6195 2
6196 1
6197 1
6198 2
6199 1
6200 2
6201 2
6202 2
6203 1
6204 1
6205 2
6206 2
6207 1
6208 1
6209 2
6210 1
6211 1
6212 1
6213 2
6214 2
6215 2
6216 1
6217 1
6218 1
6219 1
6220 1
6221 2
6222 1
6223 1
6224 1
6225 1
6226 2
6227 2
6228 2
6229 2
6230 1
6231 1
6232 2
6233 2
6234 1
6235 1
6236 2
6237 1
6238 1
6239 2
6240 1
6241 2
6242 2
6243 1
6244 2
6245 1
6246 1
6247 2
6248 1
6249 2
6250 2
6251 1
6252 2
6253 2
6254 2
6255 2
6256 1
6257 2
6258 2
6259 1
6260 2
6261 1
6262 1
6263 2
6264 1
6265 2
6266 1
6267 1
6268 2
6269 2
6270 2
6271 1
6272 1
6273 2
6274 2
6275 1
6276 2
6277 2
6278 1
6279 1
6280 2
6281 1
6282 1
6283 2
6284 2
6285 2
6286 1
6287 2
6288 2
6289 2
6290 1
6291 1
6292 1
6293 2
6294 1
6295 2
6296 1
6297 1
6298 2
6299 1
6300 1
6301 1
6302 2
6303 2
6304 1
6305 1
6306 2
6307 1
6308 2
6309 2
6310 2
6311 2
6312 2
6313 1
6314 2
6315 2
6316 1
6317 2
6318 1
6319 2
6320 1
6321 2
6322 1
6323 2
6324 1
6325 1
6326 1
6327 1
6328 1
6329 2
6330 1
6331 2
6332 2
6333 2
6334 2
6335 1
6336 1
6337 1
6338 1
6339 1
6340 2
6341 2
6342 2
6343 1
6344 2
6345 1
6346 1
6347 2
6348 2
6349 1
6350 1
6351 2
6352 2
6353 1
6354 1
6355 1
6356 2
6357 1
6358 1
6359 2
6360 1
6361 2
6362 2
6363 1
6364 1
6365 1
6366 2
6367 2
6368 2
6369 1
6370 1
6371 1
6372 2
6373 1
6374 2
6375 1
6376 1
6377 2
6378 2
6379 2
6380 2
6381 1
6382 2
6383 1
6384 2
6385 2
6386 1
6387 1
6388 1
6389 1
6390 2
6391 1
6392 2
6393 2
6394 2
6395 2
6396 1
6397 1
6398 1
6399 2
6400 2
6401 1
6402 2
6403 1
6404 1
6405 2
6406 2
6407 1
6408 1
6409 1
6410 2
6411 1
6412 2
6413 1
6414 2
6415 2
6416 2
6417 1
6418 2
6419 1
6420 2
6421 1
6422 2
6423 2
6424 1
6425 2
6426 1
6427 2
6428 1
6429 2
6430 1
6431 2
6432 2
6433 1
6434 1
6435 2
6436 1
6437 2
6438 2
6439 1
6440 2
6441 1
6442 1
6443 2
6444 1
6445 1
6446 2
6447 2
6448 2
6449 2
6450 1
6451 1
6452 1
6453 2
6454 1
6455 2
6456 1
6457 2
6458 1
6459 1
6460 2
6461 1
6462 2
6463 1
6464 1
6465 1
6466 2
6467 1
6468 2
6469 2
6470 1
6471 2
6472 1
6473 1
6474 2
6475 2
6476 1
6477 2
6478 2
6479 2
6480 1
6481 2
6482 2
6483 2
6484 1
6485 1
6486 2
6487 2
6488 1
6489 1
6490 2
6491 1
6492 1
6493 2
6494 2
6495 1
6496 2
6497 1
6498 2
6499 1
6500 2
6501 1
6502 1
6503 2
6504 1
6505 2
6506 1
6507 2
6508 2
6509 2
6510 2
6511 1
6512 2
6513 1
6514 1
6515 2
6516 1
6517 2
6518 1
6519 1
6520 2
6521 1
6522 1
6523 1
6524 2
6525 1
6526 2
6527 1
6528 2
6529 1
6530 2
6531 2
6532 1
6533 1
6534 1
6535 2
6536 1
6537 2
6538 1
6539 1
6540 1
6541 2
6542 1
6543 2
6544 1
6545 2
6546 1
6547 1
6548 1
6549 2
6550 1
6551 1
6552 1
6553 2
6554 1
6555 1
6556 2
6557 1
6558 2
6559 2
6560 1
6561 2
6562 2
6563 1
6564 1
6565 1
6566 2
6567 1
6568 2
6569 1
6570 1
6571 2
6572 2
6573 1
6574 1
6575 2
6576 2
6577 1
6578 2
6579 1
6580 2
6581 1
6582 1
6583 2
6584 2
6585 1
6586 2
6587 2
6588 2
6589 2
6590 1
6591 2
6592 2
6593 1
6594 2
6595 2
6596 1
6597 2
6598 2
6599 2
6600 1
6601 2
6602 1
6603 2
6604 2
6605 1
6606 2
6607 2
6608 2
6609 2
6610 2
6611 1
6612 2
6613 1
6614 1
6615 1
6616 2
6617 2
6618 1
6619 1
6620 2
6621 2
6622 1
6623 2
6624 2
6625 2
6626 1
6627 1
6628 2
6629 2
6630 1
6631 2
6632 1
6633 1
6634 2
6635 1
6636 1
6637 2
6638 1
6639 2
6640 2
6641 1
6642 2
6643 2
6644 1
6645 2
6646 2
6647 1
6648 2
6649 2
6650 1
6651 1
6652 1
6653 2
6654 1
6655 1
6656 2
6657 2
6658 2
6659 2
6660 1
6661 2
6662 1
6663 2
6664 1
6665 1
6666 1
6667 1
6668 2
6669 1
6670 1
6671 2
6672 1
6673 2
6674 1
6675 2
6676 1
6677 1
6678 1
6679 2
6680 2
6681 1
6682 2
6683 2
6684 2
6685 2
6686 2
6687 1
6688 2
6689 1
6690 1
6691 2
6692 2
6693 2
6694 2
6695 1
6696 2
6697 1
6698 2
6699 1
6700 1
6701 2
6702 1
6703 2
6704 1
6705 2
6706 2
6707 1
6708 2
6709 2
6710 1
6711 2
6712 1
6713 2
6714 1
6715 2
6716 2
6717 1
6718 2
6719 1
6720 1
6721 1
6722 2
6723 1
6724 2
6725 2
6726 2
6727 2
6728 1
6729 1
6730 2
6731 2
6732 1
6733 2
6734 1
6735 2
6736 2
6737 2
6738 2
6739 2
6740 1
6741 2
6742 1
6743 2
6744 1
6745 2
6746 1
6747 2
6748 2
6749 1
6750 2
6751 1
6752 1
6753 1
6754 1
6755 1
6756 1
6757 2
6758 1
6759 2
6760 1
6761 2
6762 1
6763 2
6764 1
6765 2
6766 1
6767 1
6768 2
6769 1
6770 2
6771 2
6772 2
6773 1
6774 1
6775 1
6776 1
6777 1
6778 1
6779 1
6780 2
6781 2
6782 2
6783 1
6784 2
6785 2
6786 1
6787 2
6788 2
6789 1
6790 2
6791 2
6792 1
6793 1
6794 2
6795 2
6796 1
6797 1
6798 1
6799 2
6800 1
6801 1
6802 2
6803 1
6804 1
6805 2
6806 1
6807 1
6808 2
6809 2
6810 2
6811 1
6812 2
6813 2
6814 1
6815 2
6816 1
6817 2
6818 2
6819 1
6820 2
6821 1
6822 2
6823 2
6824 1
6825 2
6826 1
6827 2
6828 2
6829 2
6830 1
6831 2
6832 1
6833 1
6834 1
6835 1
6836 2
6837 2
6838 1
6839 2
6840 2
6841 1
6842 1
6843 2
6844 1
6845 2
6846 2
6847 1
6848 2
6849 2
6850 1
6851 2
6852 1
6853 2
6854 2
6855 1
6856 2
6857 1
6858 2
6859 1
6860 1
6861 1
6862 1
6863 1
6864 2
6865 1
6866 2
6867 2
6868 1
6869 1
6870 2
6871 1
6872 2
6873 2
6874 2
6875 2
6876 2
6877 1
6878 2
6879 1
6880 2
6881 1
6882 2
6883 1
6884 2
6885 2
6886 1
6887 2
6888 2
6889 2
6890 1
6891 1
6892 2
6893 1
6894 1
6895 1
6896 2
6897 2
6898 1
6899 2
6900 1
6901 2
6902 1
6903 2
6904 2
6905 2
6906 2
6907 2
6908 1
6909 2
6910 1
6911 1
6912 1
6913 2
6914 1
6915 2
6916 1
6917 2
6918 2
6919 2
6920 2
6921 2
6922 1
6923 2
6924 1
6925 2
6926 1
6927 1
6928 2
6929 2
6930 2
6931 1
6932 2
6933 2
6934 1
6935 1
6936 2
6937 1
6938 1
6939 2
6940 1
6941 1
6942 2
6943 2
6944 2
6945 1
6946 1
6947 1
6948 2
6949 1
6950 2
6951 1
6952 2
6953 2
6954 1
6955 2
6956 1
6957 2
6958 1
6959 1
6960 2
6961 2
6962 1
6963 2
6964 1
6965 2
6966 2
6967 1
6968 1
6969 2
6970 1
6971 1
6972 1
6973 2
6974 2
6975 1
6976 1
6977 1
6978 1
6979 2
6980 2
6981 2
6982 1
6983 2
6984 2
6985 1
6986 1
6987 1
6988 2
6989 1
6990 1
6991 2
6992 1
6993 2
6994 2
6995 2
6996 2
6997 1
6998 1
6999 1
7000 1
7001 1
7002 2
7003 1
7004 2
7005 1
7006 1
7007 1
7008 2
7009 1
7010 2
7011 2
7012 2
7013 1
7014 1
7015 2
7016 1
7017 2
7018 1
7019 1
7020 2
7021 2
7022 2
7023 1
7024 2
7025 2
7026 1
7027 1
7028 1
7029 2
7030 1
7031 2
7032 2
7033 1
7034 1
7035 1
7036 2
7037 1
7038 2
7039 2
7040 1
7041 1
7042 2
7043 1
7044 2
7045 2
7046 1
7047 1
7048 2
7049 1
7050 1
7051 1
7052 2
7053 2
7054 1
7055 2
7056 1
7057 1
7058 1
7059 1
7060 2
7061 1
7062 2
7063 2
7064 1
7065 1
7066 1
7067 1
7068 2
7069 2
7070 1
7071 2
7072 2
7073 1
7074 1
7075 2
7076 1
7077 1
7078 2
7079 2
7080 1
7081 1
7082 2
7083 1
7084 1
7085 2
7086 2
7087 1
7088 1
7089 1
7090 1
7091 2
7092 2
7093 1
7094 2
7095 1
7096 2
7097 2
7098 1
7099 2
7100 1
7101 1
7102 2
7103 1
7104 2
7105 2
7106 2
7107 1
7108 1
7109 2
7110 2
7111 2
7112 2
7113 2
7114 2
7115 1
7116 1
7117 1
7118 2
7119 1
7120 2
7121 1
7122 1
7123 2
7124 1
7125 1
7126 2
7127 2
7128 2
7129 1
7130 1
7131 1
7132 2
7133 2
7134 1
7135 2
7136 2
7137 1
7138 2
7139 1
7140 1
7141 1
7142 2
7143 2
7144 1
7145 2
7146 1
7147 2
7148 1
7149 2
7150 1
7151 2
7152 1
7153 2
7154 1
7155 1
7156 2
7157 1
7158 1
7159 1
7160 2
7161 2
7162 1
7163 1
7164 2
7165 1
7166 2
7167 2
7168 2
7169 1
7170 1
7171 1
7172 2
7173 2
7174 2
7175 1
7176 2
7177 1
7178 1
7179 1
7180 2
7181 2
7182 1
7183 2
7184 1
7185 1
7186 2
7187 1
7188 1
7189 2
7190 2
7191 2
7192 2
7193 1
7194 1
7195 1
7196 1
7197 2
7198 2
7199 1
7200 1
7201 1
7202 2
7203 1
7204 1
7205 1
7206 2
7207 1
7208 1
7209 2
7210 2
7211 1
7212 1
7213 1
7214 2
7215 2
7216 1
7217 2
7218 1
7219 1
7220 2
7221 2
7222 2
7223 1
7224 2
7225 2
7226 1
7227 2
7228 2
7229 2
7230 2
7231 2
7232 1
7233 2
7234 1
7235 1
7236 1
7237 2
7238 2
7239 1
7240 1
7241 1
7242 1
7243 2
7244 1
7245 2
7246 1
7247 1
7248 2
7249 1
7250 1
7251 2
7252 2
7253 1
7254 1
7255 1
7256 1
7257 1
7258 2
7259 2
7260 2
7261 2
7262 2
7263 1
7264 2
7265 2
7266 2
7267 1
7268 2
7269 1
7270 2
7271 2
7272 2
7273 1
7274 2
7275 2
7276 1
7277 1
7278 1
7279 2
7280 2
7281 2
7282 2
7283 2
7284 1
7285 1
7286 1
7287 2
7288 2
7289 1
7290 2
7291 1
7292 2
7293 2
7294 1
7295 2
7296 1
7297 2
7298 1
7299 2
7300 2
7301 1
7302 1
7303 2
7304 2
7305 1
7306 2
7307 1
7308 1
7309 2
7310 2
7311 1
7312 1
7313 1
7314 1
7315 2
7316 1
7317 1
7318 2
7319 2
7320 1
7321 2
7322 1
7323 1
7324 2
7325 2
7326 1
7327 2
7328 1
7329 1
7330 2
7331 1
7332 1
7333 1
7334 1
7335 2
7336 2
7337 1
7338 2
7339 1
7340 2
7341 1
7342 1
7343 2
7344 1
7345 2
7346 2
7347 2
7348 2
7349 1
7350 1
7351 1
7352 2
7353 1
7354 2
7355 2
7356 2
7357 1
7358 2
7359 2
7360 1
7361 1
7362 1
7363 2
7364 2
7365 1
7366 1
7367 2
7368 1
7369 2
7370 1
7371 2
7372 2
7373 1
7374 2
7375 1
7376 1
7377 1
7378 1
7379 2
7380 2
7381 1
7382 2
7383 1
7384 2
7385 1
7386 2
7387 2
7388 2
7389 1
7390 1
7391 2
7392 1
7393 1
7394 2
7395 1
7396 2
7397 2
7398 1
7399 2
7400 1
7401 2
7402 1
7403 1
7404 2
7405 2
7406 2
7407 1
7408 1
7409 1
7410 2
7411 1
7412 1
7413 1
7414 2
7415 2
7416 1
7417 2
7418 1
7419 1
7420 1
7421 2
7422 2
7423 1
7424 2
7425 2
7426 1
7427 2
7428 2
7429 1
7430 2
7431 1
7432 2
7433 2
7434 2
7435 2
7436 2
7437 1
7438 2
7439 2
7440 2
7441 2
7442 1
7443 1
7444 2
7445 1
7446 1
7447 1
7448 2
7449 2
7450 1
7451 2
7452 2
7453 2
7454 2
7455 1
7456 2
7457 2
7458 1
7459 2
7460 1
7461 1
7462 2
7463 2
7464 2
7465 2
7466 1
7467 1
7468 1
7469 2
7470 2
7471 2
7472 1
7473 2
7474 1
7475 1
7476 1
7477 1
7478 2
7479 1
7480 1
7481 2
7482 2
7483 1
7484 1
7485 2
7486 1
7487 2
7488 1
7489 2
7490 1
7491 2
7492 1
7493 2
7494 1
7495 1
7496 1
7497 2
7498 1
7499 2
7500 1
7501 1
7502 1
7503 1
7504 1
7505 2
7506 2
7507 1
7508 2
7509 2
7510 1
7511 1
7512 2
7513 2
7514 1
7515 2
7516 1
7517 2
7518 2
7519 1
7520 1
7521 2
7522 1
7523 2
7524 2
7525 2
7526 1
7527 2
7528 1
7529 1
7530 2
7531 1
7532 1
7533 1
7534 1
7535 1
7536 2
7537 2
7538 2
7539 1
7540 2
7541 2
7542 2
7543 2
7544 1
7545 2
7546 1
7547 2
7548 1
7549 1
7550 2
7551 1
7552 1
7553 2
7554 1
7555 1
7556 2
7557 2
7558 1
7559 2
7560 2
7561 2
7562 2
7563 2
7564 2
7565 2
7566 1
7567 2
7568 2
7569 1
7570 1
7571 1
7572 1
7573 1
7574 2
7575 2
7576 2
7577 1
7578 1
7579 2
7580 2
7581 1
7582 2
7583 1
7584 2
7585 2
7586 2
7587 1
7588 2
7589 2
7590 2
7591 1
7592 2
7593 1
7594 2
7595 2
7596 1
7597 1
7598 2
7599 1
7600 2
7601 1
7602 2
7603 1
7604 1
7605 2
7606 1
7607 1
7608 2
7609 2
7610 2
7611 1
7612 2
7613 1
7614 1
7615 2
7616 1
7617 1
7618 2
7619 2
7620 1
7621 1
7622 1
7623 1
7624 2
7625 1
7626 2
7627 1
7628 1
7629 2
7630 1
7631 1
7632 1
7633 2
7634 2
7635 1
7636 2
7637 2
7638 1
7639 1
7640 2
7641 1
7642 1
7643 2
7644 1
7645 1
7646 2
7647 1
7648 2
7649 2
7650 1
7651 2
7652 1
7653 2
7654 1
7655 1
7656 1
7657 2
7658 2
7659 2
7660 1
7661 1
7662 2
7663 1
7664 2
7665 1
7666 2
7667 1
7668 2
7669 1
7670 2
7671 1
7672 2
7673 1
7674 1
7675 1
7676 2
7677 2
7678 2
7679 2
7680 1
7681 2
7682 1
7683 2
7684 1
7685 1
7686 1
7687 1
7688 1
7689 1
7690 2
7691 2
7692 2
7693 2
7694 1
7695 2
7696 1
7697 2
7698 1
7699 2
7700 2
7701 1
7702 2
7703 2
7704 1
7705 1
7706 2
7707 1
7708 1
7709 2
7710 1
7711 1
7712 1
7713 2
7714 1
7715 2
7716 1
7717 1
7718 2
7719 1
7720 1
7721 2
7722 2
7723 1
7724 2
7725 2
7726 1
7727 1
7728 2
7729 2
7730 2
7731 2
7732 1
7733 2
7734 1
7735 2
7736 1
7737 2
7738 1
7739 2
7740 1
7741 1
7742 2
7743 2
7744 2
7745 1
7746 2
7747 2
7748 1
7749 2
7750 1
7751 1
7752 2
7753 1
7754 2
7755 2
7756 1
7757 2
7758 1
7759 1
7760 2
7761 2
7762 2
7763 1
7764 2
7765 1
7766 2
7767 2
7768 1
7769 1
7770 2
7771 2
7772 1
7773 2
7774 1
7775 2
7776 2
7777 1
7778 2
7779 2
7780 1
7781 2
7782 1
7783 1
7784 1
7785 2
7786 2
7787 2
7788 2
7789 2
7790 1
7791 1
7792 1
7793 2
7794 1
7795 1
7796 2
7797 2
7798 1
7799 2
7800 1
7801 1
7802 2
7803 1
7804 1
7805 1
7806 1
7807 2
7808 1
7809 2
7810 1
7811 2
7812 2
7813 1
7814 1
7815 2
7816 1
7817 2
7818 2
7819 2
7820 2
7821 1
7822 2
7823 1
7824 1
7825 1
7826 2
7827 2
7828 1
7829 2
7830 1
7831 2
7832 2
7833 2
7834 2
7835 1
7836 2
7837 1
7838 2
7839 2
7840 2
7841 1
7842 1
7843 1
7844 2
7845 2
7846 2
7847 1
7848 2
7849 1
7850 1
7851 2
7852 1
7853 2
7854 1
7855 1
7856 2
7857 1
7858 1
7859 1
7860 1
7861 2
7862 2
7863 1
7864 2
7865 1
7866 1
7867 1
7868 1
7869 2
7870 2
7871 2
7872 1
7873 2
7874 2
7875 1
7876 2
7877 1
7878 2
7879 1
7880 2
7881 1
7882 2
7883 1
7884 2
7885 1
7886 2
7887 1
7888 2
7889 2
7890 1
7891 2
7892 2
7893 2
7894 1
7895 1
7896 2
7897 1
7898 2
7899 1
7900 1
7901 1
7902 2
7903 1
7904 1
7905 2
7906 1
7907 2
7908 2
7909 1
7910 1
7911 2
7912 2
7913 1
7914 2
7915 1
7916 2
7917 2
7918 1
7919 1
7920 1
7921 1
7922 2
7923 1
7924 2
7925 1
7926 1
7927 1
7928 2
7929 1
7930 2
7931 1
7932 2
7933 1
7934 2
7935 1
7936 2
7937 2
7938 2
7939 1
7940 2
7941 2
7942 2
7943 1
7944 1
7945 2
7946 1
7947 2
7948 1
7949 2
7950 1
7951 2
7952 2
7953 2
7954 1
7955 2
7956 2
7957 1
7958 1
7959 1
7960 1
7961 2
7962 2
7963 2
7964 1
7965 2
7966 1
7967 1
7968 1
7969 1
7970 1
7971 2
7972 1
7973 2
7974 2
7975 1
7976 2
7977 1
7978 1
7979 2
7980 2
7981 2
7982 1
7983 2
7984 1
7985 2
7986 1
7987 1
7988 2
7989 2
7990 2
7991 2
7992 1
7993 2
7994 1
7995 2
7996 2
7997 2
7998 1
7999 2
8000 1
8001 1
8002 2
8003 1
8004 1
8005 2
8006 1
8007 2
8008 1
8009 1
8010 2
8011 1
8012 1
8013 1
8014 2
8015 1
8016 2
8017 1
8018 1
8019 2
8020 1
8021 2
8022 1
8023 2
8024 2
8025 1
8026 1
8027 2
8028 2
8029 1
8030 2
8031 1
8032 1
8033 2
8034 1
8035 1
8036 1
8037 2
8038 1
8039 2
8040 1
8041 2
8042 1
8043 1
8044 2
8045 1
8046 1
8047 1
8048 2
8049 2
8050 1
8051 2
8052 1
8053 2
8054 2
8055 1
8056 1
8057 2
8058 2
8059 2
8060 2
8061 1
8062 1
8063 2
8064 2
8065 2
8066 1
8067 2
8068 1
8069 1
8070 2
8071 1
8072 1
8073 2
8074 1
8075 2
8076 1
8077 2
8078 2
8079 1
8080 1
8081 1
8082 1
8083 2
8084 1
8085 2
8086 1
8087 2
8088 1
8089 2
8090 2
8091 2
8092 2
8093 2
8094 2
8095 1
8096 1
8097 2
8098 2
8099 2
8100 1
8101 1
8102 2
8103 1
8104 1
8105 1
8106 2
8107 2
8108 2
8109 1
8110 1
8111 1
8112 2
8113 1
8114 1
8115 1
8116 2
8117 1
8118 2
8119 1
8120 2
8121 1
8122 2
8123 2
8124 1
8125 1
8126 2
8127 1
8128 2
8129 1
8130 2
8131 1
8132 2
8133 1
8134 1
8135 2
8136 1
8137 2
8138 1
8139 1
8140 2
8141 1
8142 1
8143 2
8144 2
8145 1
8146 1
8147 1
8148 1
8149 2
8150 2
8151 2
8152 1
8153 2
8154 1
8155 2
8156 1
8157 2
8158 2
8159 2
8160 2
8161 1
8162 2
8163 2
8164 1
8165 1
8166 2
8167 1
8168 1
8169 2
8170 1
8171 1
8172 1
8173 1
8174 2
8175 1
8176 2
8177 1
8178 2
8179 1
8180 1
8181 2
8182 2
8183 2
8184 1
8185 2
8186 2
8187 2
8188 2
8189 1
8190 2
8191 2
8192 2
8193 2
8194 2
8195 2
8196 1
8197 1
8198 2
8199 1
8200 1
8201 2
8202 2
8203 2
8204 1
8205 2
8206 1
8207 2
8208 1
8209 1
8210 2
8211 1
8212 1
8213 2
8214 1
8215 2
8216 2
8217 1
8218 1
8219 2
8220 1
8221 2
8222 1
8223 2
8224 2
8225 1
8226 2
8227 2
8228 1
8229 2
8230 2
8231 2
8232 2
8233 1
8234 1
8235 2
8236 1
8237 1
8238 2
8239 2
8240 2
8241 1
8242 2
8243 2
8244 1
8245 1
8246 2
8247 1
8248 1
8249 2
8250 2
8251 1
8252 1
8253 1
8254 2
8255 2
8256 2
8257 2
8258 2
8259 1
8260 2
8261 1
8262 1
8263 2
8264 1
8265 2
8266 2
8267 1
8268 2
8269 1
8270 1
8271 1
8272 2
8273 1
8274 1
8275 2
8276 1
8277 1
8278 1
8279 1
8280 1
8281 2
8282 2
8283 2
8284 1
8285 1
8286 2
8287 1
8288 2
8289 2
8290 2
8291 2
8292 1
8293 1
8294 2
8295 2
8296 1
8297 1
8298 2
8299 2
8300 1
8301 1
8302 2
8303 2
8304 1
8305 1
8306 2
8307 2
8308 1
8309 2
8310 1
8311 1
8312 1
8313 1
8314 2
8315 1
8316 2
8317 1
8318 2
8319 1
8320 2
8321 2
8322 1
8323 2
8324 2
8325 1
8326 1
8327 2
8328 2
8329 1
8330 2
8331 2
8332 2
8333 1
8334 1
8335 1
8336 2
8337 2
8338 2
8339 1
8340 2
8341 2
8342 1
8343 1
8344 2
8345 2
8346 2
8347 2
8348 2
8349 1
8350 2
8351 1
8352 1
8353 1
8354 2
8355 2
8356 2
8357 1
8358 1
8359 2
8360 1
8361 2
8362 1
8363 1
8364 1
8365 2
8366 1
8367 2
8368 1
8369 1
8370 2
8371 1
8372 2
8373 1
8374 1
8375 1
8376 1
8377 2
8378 1
8379 2
8380 1
8381 2
8382 1
8383 1
8384 2
8385 2
8386 1
8387 1
8388 1
8389 1
8390 2
8391 1
8392 2
8393 1
8394 1
8395 1
8396 2
8397 1
8398 2
8399 2
8400 1
8401 2
8402 1
8403 2
8404 1
8405 2
8406 2
8407 2
8408 1
8409 1
8410 2
8411 1
8412 2
8413 1
8414 2
8415 1
8416 1
8417 2
8418 2
8419 2
8420 1
8421 1
8422 2
8423 1
8424 1
8425 1
8426 2
8427 2
8428 1
8429 2
8430 1
8431 2
8432 1
8433 2
8434 2
8435 2
8436 2
8437 2
8438 1
8439 1
8440 2
8441 1
8442 1
8443 2
8444 1
8445 2
8446 2
8447 1
8448 2
8449 2
8450 2
8451 2
8452 1
8453 1
8454 2
8455 1
8456 2
8457 2
8458 1
8459 2
8460 2
8461 1
8462 1
8463 2
8464 1
8465 2
8466 1
8467 1
8468 1
8469 2
8470 1
8471 2
8472 1
8473 2
8474 1
8475 2
8476 2
8477 2
8478 1
8479 2
8480 2
8481 1
8482 2
8483 2
8484 1
8485 2
8486 1
8487 1
8488 1
8489 2
8490 2
8491 1
8492 2
8493 2
8494 1
8495 1
8496 1
8497 2
8498 1
8499 1
8500 1
8501 2
8502 1
8503 1
8504 2
8505 1
8506 1
8507 2
8508 2
8509 1
8510 2
8511 1
8512 1
8513 2
8514 1
8515 2
8516 1
8517 1
8518 2
8519 2
8520 1
8521 1
8522 2
8523 1
8524 2
8525 1
8526 2
8527 2
8528 1
8529 2
8530 1
8531 2
8532 1
8533 2
8534 2
8535 2
8536 2
8537 1
8538 1
8539 2
8540 1
8541 1
8542 2
8543 1
8544 2
8545 1
8546 2
8547 2
8548 2
8549 1
8550 2
8551 1
8552 1
8553 1
8554 2
8555 1
8556 2
8557 2
8558 1
8559 2
8560 2
8561 1
8562 2
8563 2
8564 1
8565 1
8566 2
8567 1
8568 2
8569 2
8570 1
8571 1
8572 2
8573 2
8574 2
8575 1
8576 2
8577 2
8578 1
8579 2
8580 2
8581 2
8582 1
8583 2
8584 1
8585 2
8586 1
8587 1
8588 2
8589 1
8590 2
8591 1
8592 2
8593 1
8594 1
8595 1
8596 1
8597 1
8598 2
8599 2
8600 1
8601 1
8602 2
8603 1
8604 2
8605 1
8606 1
8607 2
8608 1
8609 1
8610 1
8611 2
8612 1
8613 1
8614 2
8615 2
8616 1
8617 1
8618 1
8619 2
8620 2
8621 2
8622 1
8623 2
8624 1
8625 2
8626 2
8627 2
8628 1
8629 1
8630 2
8631 1
8632 1
8633 1
8634 1
8635 2
8636 1
8637 2
8638 2
8639 1
8640 1
8641 2
8642 1
8643 2
8644 2
8645 2
8646 1
8647 2
8648 1
8649 2
8650 1
8651 1
8652 2
8653 1
8654 2
8655 2
8656 2
8657 2
8658 1
8659 2
8660 1
8661 1
8662 1
8663 2
8664 2
8665 1
8666 2
8667 2
8668 2
8669 1
8670 1
8671 1
8672 2
8673 1
8674 2
8675 2
8676 2
8677 1
8678 2
8679 1
8680 2
8681 2
8682 1
8683 2
8684 1
8685 2
8686 1
8687 2
8688 1
8689 2
8690 2
8691 1
8692 1
8693 2
8694 1
8695 1
8696 2
8697 1
8698 1
8699 1
8700 2
8701 2
8702 2
8703 2
8704 1
8705 2
8706 1
8707 1
8708 2
8709 1
8710 2
8711 1
8712 1
8713 1
8714 1
8715 1
8716 2
8717 2
8718 1
8719 2
8720 1
8721 2
8722 2
8723 1
8724 2
8725 1
8726 2
8727 2
8728 1
8729 1
8730 2
8731 1
8732 2
8733 1
8734 2
8735 2
8736 1
8737 2
8738 1
8739 2
8740 2
8741 1
8742 2
8743 1
8744 2
8745 1
8746 1
8747 2
8748 2
8749 2
8750 1
8751 1
8752 1
8753 2
8754 1
8755 2
8756 2
8757 1
8758 1
8759 2
8760 1
8761 1
8762 1
8763 1
8764 2
8765 1
8766 2
8767 1
8768 1
8769 2
8770 2
8771 1
8772 1
8773 2
8774 2
8775 2
8776 2
8777 1
8778 1
8779 1
8780 1
8781 2
8782 2
8783 1
8784 1
8785 2
8786 2
8787 1
8788 2
8789 1
8790 1
8791 2
8792 2
8793 1
8794 1
8795 2
8796 2
8797 1
8798 2
8799 2
8800 2
8801 2
8802 1
8803 1
8804 2
8805 1
8806 2
8807 1
8808 2
8809 1
8810 2
8811 2
8812 1
8813 2
8814 1
8815 2
8816 1
8817 1
8818 2
8819 1
8820 2
8821 2
8822 2
8823 1
8824 1
8825 1
8826 2
8827 2
8828 1
8829 1
8830 1
8831 1
8832 2
8833 2
8834 1
8835 2
8836 1
8837 1
8838 1
8839 2
8840 1
8841 1
8842 2
8843 1
8844 2
8845 1
8846 2
8847 2
8848 2
8849 1
8850 2
8851 2
8852 2
8853 1
8854 2
8855 2
8856 1
8857 1
8858 2
8859 1
8860 2
8861 2
8862 2
8863 1
8864 2
8865 1
8866 2
8867 1
8868 2
8869 1
8870 1
8871 2
8872 1
8873 2
8874 1
8875 2
8876 1
8877 1
8878 1
8879 1
8880 1
8881 2
8882 1
8883 1
8884 2
8885 2
8886 1
8887 2
8888 2
8889 2
8890 2
8891 1
8892 2
8893 1
8894 1
8895 1
8896 2
8897 1
8898 1
8899 2
8900 1
8901 2
8902 1
8903 2
8904 1
8905 2
8906 1
8907 1
8908 1
8909 2
8910 2
8911 1
8912 1
8913 2
8914 1
8915 1
8916 2
8917 1
8918 1
8919 2
8920 2
8921 2
8922 1
8923 2
8924 1
8925 2
8926 2
8927 1
8928 1
8929 1
8930 1
8931 2
8932 1
8933 1
8934 1
8935 2
8936 1
8937 2
8938 1
8939 1
8940 2
8941 1
8942 1
8943 1
8944 1
8945 2
8946 2
8947 1
8948 1
8949 2
8950 2
8951 1
8952 2
8953 1
8954 2
8955 2
8956 1
8957 2
8958 2
8959 1
8960 2
8961 1
8962 1
8963 1
8964 2
8965 1
8966 2
8967 1
8968 1
8969 2
8970 2
8971 1
8972 2
8973 1
8974 2
8975 1
8976 1
8977 2
8978 2
8979 1
8980 2
8981 2
8982 1
8983 2
8984 2
8985 1
8986 2
8987 2
8988 2
8989 2
8990 2
8991 2
8992 1
8993 1
8994 2
8995 2
8996 1
8997 1
8998 1
8999 1
9000 2
9001 1
9002 1
9003 1
9004 2
9005 1
9006 2
9007 1
9008 2
9009 2
9010 2
9011 1
9012 2
9013 1
9014 1
9015 2
9016 2
9017 1
9018 2
9019 2
9020 2
9021 2
9022 2
9023 1
9024 1
9025 2
9026 1
9027 1
9028 2
9029 1
9030 2
9031 2
9032 1
9033 1
9034 1
9035 2
9036 1
9037 2
9038 2
9039 1
9040 1
9041 2
9042 1
9043 2
9044 2
9045 1
9046 2
9047 1
9048 2
9049 1
9050 1
9051 2
9052 1
9053 2
9054 2
9055 1
9056 2
9057 1
9058 2
9059 1
9060 2
9061 1
9062 2
9063 1
9064 2
9065 1
9066 1
9067 2
9068 1
9069 2
9070 1
9071 2
9072 1
9073 1
9074 2
9075 1
9076 1
9077 2
9078 1
9079 2
9080 1
9081 1
9082 2
9083 2
9084 1
9085 2
9086 1
9087 1
9088 1
9089 2
9090 2
9091 1
9092 1
9093 1
9094 2
9095 1
9096 1
9097 1
9098 2
9099 2
9100 2
9101 1
9102 2
9103 2
9104 1
9105 2
9106 2
9107 2
9108 2
9109 1
9110 1
9111 2
9112 1
9113 1
9114 1
9115 2
9116 1
9117 2
9118 1
9119 2
9120 2
9121 1
9122 1
9123 2
9124 1
9125 1
9126 2
9127 1
9128 2
9129 1
9130 1
9131 1
9132 2
9133 1
9134 2
9135 1
9136 1
9137 1
9138 2
9139 1
9140 2
9141 2
9142 1
9143 2
9144 1
9145 2
9146 2
9147 1
9148 1
9149 2
9150 1
9151 2
9152 1
9153 2
9154 1
9155 2
9156 1
9157 1
9158 2
9159 2
9160 2
9161 2
9162 2
9163 1
9164 1
9165 2
9166 1
9167 2
9168 1
9169 1
9170 2
9171 1
9172 1
9173 2
9174 2
9175 2
9176 1
9177 1
9178 2
9179 2
9180 2
9181 1
9182 1
9183 1
9184 2
9185 2
9186 2
9187 2
9188 1
9189 1
9190 1
9191 2
9192 2
9193 2
9194 1
9195 2
9196 1
9197 1
9198 1
9199 2
9200 2
9201 1
9202 1
9203 1
9204 2
9205 1
9206 2
9207 2
9208 1
9209 2
9210 1
9211 2
9212 2
9213 1
9214 1
9215 2
9216 2
9217 1
9218 2
9219 1
9220 2
9221 2
9222 1
9223 1
9224 1
9225 2
9226 2
9227 1
9228 1
9229 2
9230 1
9231 2
9232 2
9233 1
9234 2
9235 1
9236 2
9237 2
9238 1
9239 1
9240 2
9241 1
9242 2
9243 1
9244 1
9245 1
9246 1
9247 1
9248 2
9249 1
9250 1
9251 2
9252 1
9253 1
9254 1
9255 2
9256 1
9257 2
9258 2
9259 1
9260 1
9261 2
9262 2
9263 1
9264 2
9265 2
9266 1
9267 1
9268 1
9269 2
9270 1
9271 2
9272 1
9273 2
9274 2
9275 2
9276 1
9277 2
9278 2
9279 2
9280 1
9281 1
9282 2
9283 2
9284 2
9285 2
9286 2
9287 2
9288 1
9289 1
9290 2
9291 1
9292 2
9293 1
9294 1
9295 2
9296 1
9297 2
9298 1
9299 2
9300 2
9301 2
9302 1
9303 1
9304 1
9305 1
9306 1
9307 2
9308 1
9309 1
9310 2
9311 2
9312 1
9313 2
9314 1
9315 1
9316 1
9317 2
9318 1
9319 2
9320 1
9321 2
9322 1
9323 2
9324 1
9325 2
9326 2
9327 2
9328 1
9329 2
9330 1
9331 2
9332 2
9333 1
9334 1
9335 2
9336 1
9337 2
9338 1
9339 2
9340 1
9341 1
9342 2
9343 1
9344 2
9345 1
9346 2
9347 2
9348 2
9349 1
9350 2
9351 1
9352 1
9353 2
9354 1
9355 1
9356 2
9357 2
9358 2
9359 2
9360 1
9361 1
9362 2
9363 1
9364 2
9365 2
9366 1
9367 1
9368 2
9369 1
9370 1
9371 1
9372 1
9373 1
9374 2
9375 2
9376 1
9377 2
9378 2
9379 2
9380 1
9381 2
9382 1
9383 2
9384 2
9385 1
9386 2
9387 2
9388 1
9389 2
9390 2
9391 1
9392 2
9393 1
9394 1
9395 1
9396 1
9397 1
9398 2
9399 1
9400 1
9401 2
9402 2
9403 1
9404 2
9405 1
9406 2
9407 1
9408 2
9409 1
9410 2
9411 2
9412 1
9413 2
9414 2
9415 2
9416 2
9417 2
9418 1
9419 2
9420 1
9421 1
9422 1
9423 1
9424 2
9425 2
9426 1
9427 2
9428 2
9429 1
9430 1
9431 2
9432 2
9433 1
9434 1
9435 1
9436 1
9437 1
9438 2
9439 1
9440 1
9441 2
9442 1
9443 2
9444 1
9445 2
9446 1
9447 2
9448 1
9449 1
9450 2
9451 1
9452 2
9453 1
9454 2
9455 2
9456 1
9457 1
9458 1
9459 1
9460 2
9461 2
9462 1
9463 2
9464 2
9465 1
9466 2
9467 2
9468 2
9469 2
9470 2
9471 1
9472 2
9473 2
9474 1
9475 2
9476 1
9477 2
9478 2
9479 1
9480 1
9481 1
9482 1
9483 2
9484 2
9485 1
9486 2
9487 2
9488 2
9489 1
9490 2
9491 1
9492 1
9493 2
9494 1
9495 2
9496 1
9497 2
9498 1
9499 2
9500 1
9501 1
9502 2
9503 2
9504 2
9505 2
9506 1
9507 2
9508 2
9509 2
9510 2
9511 1
9512 2
9513 2
9514 1
9515 1
9516 2
9517 2
9518 1
9519 2
9520 1
9521 2
9522 2
9523 1
9524 2
9525 1
9526 2
9527 1
9528 2
9529 2
9530 1
9531 1
9532 1
9533 2
9534 2
9535 1
9536 1
9537 2
9538 2
9539 1
9540 1
9541 2
9542 1
9543 2
9544 1
9545 1
9546 1
9547 2
9548 1
9549 2
9550 1
9551 2
9552 1
9553 2
9554 1
9555 1
9556 2
9557 1
9558 2
9559 2
9560 1
9561 1
9562 1
9563 1
9564 2
9565 2
9566 1
9567 2
9568 2
9569 1
9570 1
9571 2
9572 2
9573 1
9574 1
9575 2
9576 1
9577 1
9578 1
9579 2
9580 2
9581 1
9582 1
9583 1
9584 2
9585 1
9586 1
9587 2
9588 2
9589 1
9590 2
9591 2
9592 1
9593 1
9594 2
9595 2
9596 2
9597 1
9598 1
9599 2
9600 2
9601 1
9602 2
9603 1
9604 2
9605 1
9606 1
9607 2
9608 1
9609 1
9610 1
9611 1
9612 2
9613 1
9614 1
9615 1
9616 2
9617 1
9618 2
9619 1
9620 2
9621 1
9622 2
9623 2
9624 1
9625 2
9626 1
9627 1
9628 1
9629 1
9630 2
9631 1
9632 2
9633 1
9634 2
9635 2
9636 1
9637 2
9638 1
9639 2
9640 1
9641 2
9642 1
9643 1
9644 2
9645 1
9646 2
9647 1
9648 2
9649 1
9650 1
9651 2
9652 2
9653 1
9654 1
9655 2
9656 2
9657 2
9658 1
9659 2
9660 2
9661 2
9662 2
9663 2
9664 2
9665 2
9666 1
9667 2
9668 2
9669 2
9670 1
9671 1
9672 1
9673 1
9674 2
9675 2
9676 2
9677 2
9678 2
9679 2
9680 1
9681 1
9682 2
9683 1
9684 2
9685 1
9686 2
9687 1
9688 2
9689 1
9690 1
9691 2
9692 1
9693 1
9694 2
9695 1
9696 1
9697 2
9698 2
9699 2
9700 1
9701 1
9702 1
9703 1
9704 2
9705 1
9706 1
9707 1
9708 2
9709 1
9710 1
9711 2
9712 2
9713 1
9714 2
9715 1
9716 1
9717 2
9718 2
9719 2
9720 2
9721 1
9722 2
9723 1
9724 2
9725 1
9726 2
9727 2
9728 2
9729 1
9730 1
9731 2
9732 1
9733 2
9734 1
9735 1
9736 2
9737 2
9738 2
9739 1
9740 1
9741 2
9742 1
9743 2
9744 2
9745 1
9746 2
9747 2
9748 1
9749 2
9750 1
9751 2
9752 1
9753 1
9754 1
9755 2
9756 2
9757 2
9758 1
9759 2
9760 1
9761 2
9762 2
9763 2
9764 1
9765 2
9766 2
9767 1
9768 1
9769 1
9770 2
9771 1
9772 1
9773 2
9774 1
9775 2
9776 2
9777 1
9778 2
9779 1
9780 2
9781 1
9782 1
9783 2
9784 2
9785 1
9786 2
9787 2
9788 1
9789 2
9790 1
9791 1
9792 2
9793 1
9794 2
9795 1
9796 1
9797 2
9798 2
9799 1
9800 2
9801 2
9802 1
9803 2
9804 1
9805 1
9806 2
9807 1
9808 1
9809 2
9810 1
9811 2
9812 1
9813 2
9814 1
9815 2
9816 1
9817 2
9818 2
9819 1
9820 2
9821 1
9822 2
9823 2
9824 2
9825 1
9826 2
9827 1
9828 2
9829 2
9830 1
9831 1
9832 2
9833 1
9834 2
9835 2
9836 1
9837 1
9838 1
9839 2
9840 1
9841 1
9842 1
9843 1
9844 1
9845 1
9846 2
9847 2
9848 1
9849 2
9850 1
9851 2
9852 1
9853 2
9854 2
9855 2
9856 2
9857 2
9858 2
9859 1
9860 2
9861 1
9862 2
9863 1
9864 1
9865 1
9866 1
9867 1
9868 1
9869 1
9870 2
9871 1
9872 1
9873 2
9874 1
9875 2
9876 2
9877 1
9878 2
9879 1
9880 1
9881 2
9882 1
9883 1
9884 2
9885 2
9886 1
9887 2
9888 2
9889 1
9890 1
9891 2
9892 2
9893 1
9894 2
9895 1
9896 1
9897 1
9898 2
9899 2
9900 1
9901 2
9902 2
9903 2
9904 1
9905 1
9906 1
9907 1
9908 1
9909 1
9910 2
9911 1
9912 2
9913 2
9914 1
9915 2
9916 1
9917 1
9918 2
9919 1
9920 1
9921 2
9922 1
9923 2
9924 2
9925 1
9926 1
9927 2
9928 1
9929 2
9930 1
9931 2
9932 1
9933 2
9934 2
9935 2
9936 2
9937 2
9938 1
9939 1
9940 1
9941 2
9942 1
9943 1
9944 1
9945 1
9946 2
9947 2
9948 1
9949 1
9950 1
9951 1
9952 2
9953 2
9954 2
9955 1
9956 1
9957 2
9958 1
9959 1
9960 2
9961 2
9962 1
9963 1
9964 2
9965 1
9966 2
9967 2
9968 1
9969 2
9970 2
9971 2
9972 2
9973 2
9974 1
9975 1
9976 1
9977 2
9978 1
9979 2
9980 2
9981 2
9982 1
9983 2
9984 2
9985 1
9986 2
9987 1
9988 2
9989 2
9990 1
9991 1
9992 2
9993 1
9994 2
9995 1
9996 1
9997 2
9998 2
9999 2
10000 2